#unpaired probabilities
 #i$	l=1	2	3	4	5	6	7	8	9	10	11	12	13	14	15	16	17	18	
1	0.9952908	NA	NA	NA	NA	NA	NA	NA	NA	NA	NA	NA	NA	NA	NA	NA	NA	NA
2	0.9364129	0.9272144	NA	NA	NA	NA	NA	NA	NA	NA	NA	NA	NA	NA	NA	NA	NA	NA
3	0.7958557	0.7534657	0.7064449	NA	NA	NA	NA	NA	NA	NA	NA	NA	NA	NA	NA	NA	NA	NA
4	0.820546	0.7530629	0.7069516	0.65744	NA	NA	NA	NA	NA	NA	NA	NA	NA	NA	NA	NA	NA	NA
5	0.6727871	0.6106432	0.5873426	0.6037186	0.553821	NA	NA	NA	NA	NA	NA	NA	NA	NA	NA	NA	NA	NA
6	0.9327635	0.6532319	0.601498	0.5795977	0.5968776	0.546847	NA	NA	NA	NA	NA	NA	NA	NA	NA	NA	NA	NA
7	0.5397866	0.5180502	0.4369712	0.4093825	0.4051995	0.4373317	0.4401452	NA	NA	NA	NA	NA	NA	NA	NA	NA	NA	NA
8	0.5824088	0.4975727	0.4788728	0.4066624	0.3805001	0.3774767	0.4093752	0.4180584	NA	NA	NA	NA	NA	NA	NA	NA	NA	NA
9	0.61318	0.5431872	0.4634894	0.4432917	0.3742729	0.3667948	0.364325	0.3960746	0.4075213	NA	NA	NA	NA	NA	NA	NA	NA	NA
10	0.7234255	0.5339712	0.4654721	0.3969909	0.3734124	0.3441435	0.3372145	0.3393069	0.371494	0.3926122	NA	NA	NA	NA	NA	NA	NA	NA
11	0.9134508	0.7091083	0.5209691	0.4537481	0.3872661	0.364108	0.3357234	0.3290721	0.3312642	0.3627871	0.3842265	NA	NA	NA	NA	NA	NA	NA
12	0.4611352	0.438968	0.2561552	0.2092083	0.1828087	0.1564296	0.1454251	0.1343068	0.1279872	0.1288674	0.1403894	0.1552213	NA	NA	NA	NA	NA	NA
13	0.2770697	0.268683	0.2676689	0.09875965	0.07545586	0.06387466	0.05287617	0.04994803	0.04520314	0.04490364	0.04512998	0.04907534	0.05634546	NA	NA	NA	NA	NA
14	0.2730961	0.2440833	0.2423677	0.2434485	0.07682273	0.05604425	0.04641203	0.03758473	0.03556767	0.03292732	0.0328413	0.0331044	0.03616272	0.04325484	NA	NA	NA	NA
15	0.3034345	0.2581843	0.2343947	0.2349481	0.2370435	0.07131617	0.05122072	0.04248763	0.03443572	0.03274974	0.03050225	0.03057337	0.03117457	0.03450514	0.0413088	NA	NA	NA
16	0.1886553	0.138988	0.09532753	0.06828021	0.0590069	0.04780917	0.04232483	0.03761302	0.02998257	0.02530691	0.02384378	0.02191911	0.02163816	0.02155737	0.02301642	0.02621723	NA	NA
17	0.8186838	0.1643186	0.1188629	0.07876291	0.05405022	0.04508689	0.03997663	0.03497212	0.03071949	0.02545365	0.02127832	0.02007778	0.01852212	0.01834961	0.01839758	0.01984815	0.02409625	NA
18	0.7869249	0.7736874	0.1492718	0.1078976	0.07123595	0.048727	0.040532	0.03677377	0.03233289	0.0285252	0.02385296	0.02008154	0.018975	0.01749318	0.01731505	0.01733649	0.01866386	0.02281186
19	0.1196086	0.09437081	0.07982133	0.04865811	0.03670557	0.02545441	0.01775431	0.01498755	0.01371972	0.01203304	0.01073211	0.009099408	0.007533766	0.006819837	0.005820064	0.005205937	0.004360965	0.003248884
20	0.1898958	0.07734836	0.06510918	0.05512813	0.03405608	0.02573252	0.01785324	0.0124508	0.01052221	0.009639656	0.008351868	0.007401051	0.006193312	0.00501795	0.004452128	0.003662001	0.003148635	0.002364474
21	0.1501484	0.0812214	0.0455272	0.03724965	0.03010331	0.02242269	0.01672643	0.01149848	0.007894887	0.006588273	0.005987801	0.005005132	0.00435347	0.003513027	0.002754757	0.002448579	0.00203328	0.001770815
22	0.9496064	0.1351855	0.07125069	0.04001314	0.03267206	0.0263117	0.01933991	0.01452184	0.009902668	0.006696922	0.005518137	0.004963028	0.004377741	0.003802535	0.003060755	0.002414137	0.002146255	0.001785394
23	0.9959697	0.9485998	0.1350547	0.0711726	0.03998617	0.03265041	0.02629777	0.01932934	0.01451372	0.009896871	0.006692708	0.005514457	0.004960114	0.004375073	0.003800914	0.003059674	0.00241348	0.002145706
24	0.9949917	0.9921146	0.9449058	0.1347742	0.0709953	0.03991367	0.03259126	0.02625056	0.01929399	0.01448696	0.009878403	0.006679956	0.005503766	0.004950847	0.004366855	0.00379398	0.003054249	0.002409274
25	0.1114567	0.1037283	0.0968377	0.08324406	0.03984299	0.01887237	0.01051408	0.008619825	0.006946086	0.005054754	0.003760237	0.002533997	0.001680241	0.001361089	0.001212316	0.001062437	0.0009203592	0.0007446129
26	0.01651348	0.01313809	0.0130122	0.01284357	0.01159925	0.008299003	0.002527141	0.00131314	0.001085617	0.0008701184	0.0006495848	0.0004505972	0.0002785601	0.0001576655	0.0001084775	8.233998e-05	6.383472e-05	5.54447e-05
27	0.9031828	0.009437814	0.006808574	0.006706116	0.006558063	0.005384782	0.002909765	0.002095373	0.00107213	0.000887283	0.0007099663	0.0005313619	0.0003615011	0.0002176502	0.0001161869	7.409838e-05	5.118954e-05	3.630462e-05
28	0.007145551	0.003540102	0.0006097004	0.0003906884	0.0003701445	0.0003266758	0.0002215425	0.0001134279	8.014357e-05	4.440659e-05	3.566305e-05	2.786252e-05	2.054452e-05	1.434672e-05	9.159111e-06	5.82012e-06	4.523521e-06	3.72032e-06
29	0.03859356	0.006259794	0.002959074	0.0005169998	0.0003155269	0.0002959339	0.0002535005	0.0001702437	8.33661e-05	5.929174e-05	3.157519e-05	2.560435e-05	1.983276e-05	1.461321e-05	1.015358e-05	6.625707e-06	4.453063e-06	3.637893e-06
30	0.08768513	0.03823118	0.006193186	0.002926981	0.0005091041	0.0003104805	0.000291556	0.0002497224	0.0001673827	8.178849e-05	5.816686e-05	3.09356e-05	2.508092e-05	1.941247e-05	1.429109e-05	9.914427e-06	6.465e-06	4.346909e-06
31	0.2056471	0.08653094	0.03807379	0.006165634	0.002913715	0.000505438	0.000307583	0.0002887107	0.0002469518	0.0001647838	7.954557e-05	5.659174e-05	3.075893e-05	2.494396e-05	1.930289e-05	1.420723e-05	9.852678e-06	6.423685e-06
32	0.1216448	0.09156221	0.03711462	0.01908369	0.003514031	0.001718426	0.0003421255	0.000235458	0.0002195458	0.0002046199	0.0001344477	6.439931e-05	4.566145e-05	2.49402e-05	2.014763e-05	1.60353e-05	1.176627e-05	8.128739e-06
33	0.2583559	0.07471532	0.04960319	0.02913072	0.01512555	0.002944312	0.001464106	0.0003087214	0.0002216149	0.0002065475	0.0001923988	0.0001259574	5.997018e-05	4.254466e-05	2.322462e-05	1.878685e-05	1.495347e-05	1.097184e-05
34	0.8360957	0.2356329	0.05549511	0.03333392	0.01877296	0.009557201	0.00198374	0.001020304	0.0002343806	0.0001792329	0.0001699272	0.0001615082	0.000101221	4.890343e-05	3.42834e-05	1.900253e-05	1.534053e-05	1.211828e-05
35	0.8149522	0.7341935	0.1369484	0.0489657	0.03001043	0.01676011	0.008460761	0.001701829	0.0008274735	0.0002166947	0.0001671434	0.0001587005	0.0001511119	9.180878e-05	4.669511e-05	3.265462e-05	1.816075e-05	1.465347e-05
36	0.916072	0.814529	0.7339509	0.1367746	0.04884748	0.02991343	0.01671912	0.008438911	0.00169804	0.0008257142	0.0002163734	0.0001669459	0.0001585231	0.0001509544	9.168063e-05	4.663434e-05	3.261211e-05	1.813918e-05
37	0.9361286	0.9148867	0.8140076	0.7336191	0.136551	0.04871426	0.02981148	0.01666272	0.008408566	0.001693097	0.0008234482	0.0002160001	0.0001667371	0.0001583325	0.0001507809	9.154308e-05	4.656625e-05	3.256661e-05
38	0.8618527	0.8411692	0.8389562	0.7607424	0.6963802	0.1115252	0.03358634	0.01966189	0.01041937	0.005184278	0.001057326	0.0005239184	0.0001544463	0.0001253521	0.0001207817	0.0001167514	6.378846e-05	3.33321e-05
39	0.7230437	0.7217939	0.7201235	0.7335264	0.7506718	0.6890323	0.1067853	0.03065984	0.01755934	0.009183557	0.004520994	0.0009010042	0.0004337927	0.0001085332	8.192538e-05	7.652174e-05	7.14828e-05	5.788902e-05
40	0.2931984	0.1801082	0.1758253	0.1732623	0.1757785	0.179372	0.1035724	0.09766288	0.02443467	0.01312254	0.0064655	0.003111839	0.0006350106	0.0003042604	7.461894e-05	5.574832e-05	5.15423e-05	4.761489e-05
41	0.5195479	0.2568227	0.1687268	0.1659176	0.1662445	0.1692621	0.1728748	0.09724417	0.09182593	0.02039723	0.01016366	0.004675351	0.002183182	0.0004462568	0.0002148605	5.43763e-05	4.127613e-05	3.837266e-05
42	0.5352059	0.1500086	0.123118	0.1106163	0.1066379	0.1057028	0.10714	0.1090222	0.03161592	0.02442557	0.01953525	0.009552779	0.004310285	0.001995051	0.0004080407	0.0001967398	5.018056e-05	3.823824e-05
43	0.2040661	0.1775281	0.07591464	0.05144517	0.03963596	0.0339994	0.03129846	0.03077101	0.03051591	0.02477969	0.01743981	0.01237448	0.009438394	0.004255641	0.001965527	0.0004021462	0.0001938515	4.943556e-05
44	0.1867333	0.1181055	0.1052877	0.0463805	0.02564171	0.01476886	0.009162577	0.006389353	0.005586377	0.004898778	0.004063941	0.003418046	0.002894955	0.002567132	0.001069014	0.0004878683	0.0001068431	5.401986e-05
45	0.210576	0.1255377	0.105355	0.09457374	0.04254434	0.02252427	0.01268035	0.007200355	0.004492081	0.003875683	0.003422561	0.002899508	0.002575181	0.002284403	0.00208467	0.000771094	0.0004031329	8.991016e-05
46	0.1796355	0.0893954	0.06499876	0.05225314	0.04331704	0.03191202	0.01744785	0.01043794	0.005388539	0.002974487	0.00241078	0.00197496	0.001485333	0.001256994	0.001023584	0.0008565879	0.0005530792	0.0002861347
47	0.5716803	0.05365511	0.01387021	0.008799778	0.006439767	0.005104478	0.003508167	0.00233347	0.001485885	0.001103814	0.0009167299	0.000765016	0.0005689988	0.0004655818	0.0003941952	0.0003110197	0.0002525463	0.0001615953
48	0.04965883	0.03303007	0.02147712	0.008305565	0.004923479	0.003343226	0.002494631	0.001575077	0.001117529	0.0009264186	0.0007918417	0.0007261103	0.0005983268	0.0004596402	0.0003706117	0.0003109902	0.0002416674	0.0001936533
49	0.07964116	0.02289259	0.01427321	0.006655657	0.004248613	0.002808837	0.002076064	0.001425031	0.0007545071	0.0005140497	0.0004099746	0.0003352383	0.0002984547	0.0002640911	0.0002311915	0.0002099366	0.0001918385	0.000161222
50	0.7028423	0.06773656	0.01797325	0.01126936	0.004384985	0.003386391	0.00239883	0.001751053	0.001158571	0.0005578558	0.0003695124	0.0002872595	0.0002274206	0.0001978136	0.0001852884	0.0001770809	0.0001714279	0.0001632397
51	0.6131055	0.5607613	0.03415271	0.01388739	0.009459223	0.003342918	0.002605051	0.002041114	0.0014755	0.0009373219	0.0003957493	0.0002829284	0.0002343773	0.0001999814	0.0001827444	0.000172663	0.0001663715	0.0001618511
52	0.6117527	0.5020202	0.4547912	0.02630686	0.009455705	0.006994585	0.001461462	0.0009568254	0.0007510543	0.0005787471	0.0004214707	0.0002523997	0.0002062911	0.0001869383	0.0001750419	0.0001684159	0.0001603909	0.0001552227
53	0.3586307	0.2716271	0.1686107	0.1244352	0.01740161	0.006538461	0.0053366	0.0007411205	0.0003430994	0.000268071	0.0002402416	0.0002166588	0.0001799773	0.0001622318	0.0001557582	0.0001531862	0.0001510473	0.0001437695
54	0.2682045	0.2165996	0.1675227	0.07340981	0.05208874	0.005809327	0.001883797	0.001331194	0.0003894917	0.0001755801	0.0001372501	0.0001171661	9.970305e-05	7.916236e-05	6.341557e-05	5.685085e-05	5.252768e-05	5.044931e-05
55	0.3456454	0.1845647	0.1597437	0.1427556	0.05072031	0.03864803	0.003584457	0.0009971611	0.0006247371	0.0002769374	0.0001308801	0.0001043147	8.762324e-05	7.307162e-05	5.724668e-05	4.39284e-05	3.831083e-05	3.439455e-05
56	0.5840519	0.2184315	0.06103651	0.04568916	0.02846481	0.01658468	0.009004278	0.002688828	0.0007004997	0.0004007501	0.0002459676	0.0001146351	9.18655e-05	7.676382e-05	6.354444e-05	4.964685e-05	3.71858e-05	3.197554e-05
57	0.3568878	0.2978091	0.09616607	0.05582248	0.04215793	0.02618877	0.01440428	0.007233332	0.001525167	0.0005941284	0.0003734486	0.0002291239	0.0001007123	8.388271e-05	7.095712e-05	5.97684e-05	4.785099e-05	3.619276e-05
58	0.681799	0.35162	0.29723	0.09589679	0.05567281	0.0420332	0.02612344	0.01435984	0.007203745	0.001520857	0.0005926194	0.0003723301	0.0002288821	0.0001005326	8.373141e-05	7.082193e-05	5.964365e-05	4.774104e-05
59	0.5253794	0.466549	0.2604756	0.2191874	0.04026729	0.02659595	0.02156669	0.01234875	0.007447584	0.004860061	0.001052309	0.0004291606	0.0002724426	0.000190669	6.752142e-05	5.420977e-05	4.385706e-05	3.485652e-05
60	0.136685	0.06697048	0.04986638	0.03322458	0.0147649	0.008704271	0.005524923	0.004635417	0.003037392	0.001277903	0.001014583	0.0003071644	0.0001033404	4.217334e-05	2.451631e-05	2.111386e-05	1.785297e-05	1.377712e-05
61	0.07888443	0.04377955	0.03829601	0.02779101	0.02362765	0.005970221	0.003931766	0.002294501	0.002052079	0.0009671091	0.0006694548	0.0005648992	0.0001973649	6.465851e-05	2.149524e-05	1.375445e-05	1.222439e-05	1.027246e-05
62	0.07324843	0.0443294	0.03704896	0.03311898	0.02407852	0.02134889	0.003788469	0.003102503	0.001776731	0.001650192	0.0007009218	0.0004908192	0.0004445733	0.0001658594	5.25125e-05	1.469939e-05	8.879939e-06	7.682047e-06
63	0.2451254	0.06834629	0.04004866	0.03327729	0.03108591	0.02397397	0.02127758	0.003736113	0.003069272	0.001768919	0.001644209	0.0006973542	0.0004874712	0.0004414564	0.0001645078	5.176551e-05	1.426283e-05	8.826797e-06
64	0.4721628	0.05647656	0.03444125	0.02925966	0.0255205	0.0254192	0.02128086	0.01898044	0.002087083	0.001510221	0.001377379	0.001303642	0.0005815663	0.0004054696	0.0003851077	0.0001473041	4.503005e-05	1.098058e-05
65	0.4293988	0.3142341	0.03367098	0.01599027	0.0120669	0.008646194	0.008371706	0.004367635	0.00202226	0.001955742	0.001404694	0.001299623	0.001251705	0.0005423106	0.0003720956	0.0003569119	0.00013369	4.05753e-05
66	0.4979962	0.3965891	0.3051064	0.03195686	0.01523872	0.01148151	0.008095011	0.007816145	0.003928231	0.001696717	0.00162612	0.001349562	0.00127037	0.001230798	0.0005213547	0.0003532331	0.0003409437	0.0001316749
67	0.1365807	0.1108947	0.07998873	0.0410417	0.008776203	0.004016462	0.003013548	0.001855646	0.00179084	0.001359669	0.001058553	0.001050982	0.0009781602	0.0009766225	0.0009780047	0.0002892674	0.0001357162	0.0001343312
68	0.09694006	0.08270512	0.06096236	0.05419539	0.02110338	0.005817016	0.002311415	0.00153652	0.001215249	0.001166465	0.000994993	0.00089553	0.0008918699	0.0008395982	0.0008425814	0.0008451784	0.0001559924	0.000118895
69	0.3643027	0.0755145	0.06189035	0.05815466	0.05246124	0.019917	0.005105142	0.001627556	0.00088265	0.0005577568	0.0004991897	0.0003428017	0.0002486385	0.0002337476	0.0001700191	0.0001609702	0.0001512246	0.0001522732
70	0.0422739	0.04051861	0.001985175	0.001556675	0.001417171	0.001189929	0.0007054492	0.0004338941	0.0003022397	0.0002870746	0.0002747904	0.0002777817	0.0001651977	0.000125403	0.000125259	0.0001081808	0.0001036907	0.0001043754
71	0.07348052	0.01106499	0.00998902	0.001270229	0.0009501593	0.0008736897	0.0007384158	0.0004390238	0.0002849775	0.0001659431	0.0001526585	0.0001402145	0.0001411585	2.643629e-05	1.822881e-05	1.627498e-05	1.565641e-05	9.477073e-06
72	0.4233121	0.06780154	0.009269089	0.008240484	0.001135691	0.0008339573	0.0007615467	0.0006294905	0.0003704295	0.0002296084	0.000112469	9.889875e-05	8.756792e-05	8.779004e-05	2.384236e-05	1.670809e-05	1.475693e-05	1.414679e-05
73	0.4879407	0.4067567	0.05503792	0.008810471	0.007930819	0.00100241	0.0007022983	0.0006339829	0.0005031424	0.0002487888	0.0001096542	6.51393e-05	5.122948e-05	4.318693e-05	4.275726e-05	1.53261e-05	9.875538e-06	9.062067e-06
74	0.5228383	0.4838588	0.4034615	0.05367794	0.007994692	0.007142752	0.0009198118	0.0006288105	0.0005636983	0.0004334862	0.0002208985	8.983302e-05	4.756805e-05	3.386606e-05	2.576739e-05	2.510081e-05	1.305647e-05	8.041522e-06
75	0.7326795	0.504561	0.4659296	0.3973496	0.04907389	0.007827967	0.007085395	0.0008959307	0.0006110021	0.0005482955	0.0004214267	0.0002127804	8.349705e-05	4.228147e-05	2.881048e-05	2.086338e-05	2.013874e-05	8.419286e-06
76	0.9234252	0.683012	0.5009817	0.4628002	0.3949541	0.04802145	0.007281568	0.006545137	0.0008493346	0.0005713738	0.000510838	0.0003849467	0.000200424	7.656615e-05	3.806691e-05	2.480812e-05	1.694443e-05	1.617129e-05
77	0.6524614	0.5944574	0.3553473	0.1740218	0.1340442	0.0653054	0.04635219	0.0070042	0.006340547	0.0007264026	0.0004891536	0.000437418	0.0003430901	0.0001772828	6.234981e-05	3.14488e-05	2.046263e-05	1.369599e-05
78	0.5977693	0.5819273	0.5276438	0.2970279	0.1212598	0.08132439	0.03316184	0.01671103	0.006868259	0.006225099	0.0006904749	0.0004650835	0.0004158348	0.0003282653	0.000169448	5.807373e-05	2.879217e-05	1.956072e-05
79	0.2558849	0.2376842	0.2244372	0.2010969	0.08143799	0.05289536	0.0400802	0.02495743	0.01396187	0.006010718	0.005690885	0.0004964325	0.0003156826	0.0002756041	0.0002008263	0.000100611	4.60761e-05	2.471269e-05
80	0.4014883	0.2488022	0.2324845	0.2198837	0.1974692	0.07822267	0.05069056	0.03854657	0.02410192	0.01342864	0.005801588	0.005493944	0.0004713689	0.0003001063	0.0002622207	0.0001915615	9.502663e-05	4.239581e-05
81	0.4906458	0.1779984	0.1368385	0.1198447	0.1061718	0.08888849	0.06952718	0.05006781	0.03803124	0.02384667	0.01335121	0.005789188	0.005483764	0.0004655971	0.000295913	0.0002583901	0.0001884835	9.374996e-05
82	0.7587984	0.4713991	0.1611667	0.1255394	0.108782	0.09521083	0.07861252	0.06812423	0.04944383	0.03766396	0.02369137	0.01324216	0.005738378	0.005436823	0.0004601586	0.0002918992	0.0002547431	0.0001854887
83	0.7573588	0.7500253	0.4649657	0.1578175	0.1229274	0.106182	0.0926384	0.07618122	0.06781562	0.04935712	0.03759235	0.02365168	0.01322133	0.005727093	0.005425782	0.0004527156	0.000291201	0.0002541178
84	0.7540164	0.7418226	0.7360862	0.457501	0.1519607	0.1195948	0.1034403	0.09016634	0.07415956	0.06642598	0.0482341	0.03673042	0.02306035	0.01286855	0.005555685	0.005259299	0.000442148	0.0002839826
85	0.5669614	0.335699	0.3200248	0.3096517	0.1974189	0.1474153	0.1157457	0.1004502	0.08738603	0.07292923	0.06531558	0.04763796	0.03637149	0.0228169	0.01270215	0.005505454	0.005214104	0.0004303032
86	0.276207	0.2542005	0.0409943	0.03590942	0.03601615	0.03355268	0.01658813	0.01446326	0.01414307	0.01408513	0.01261181	0.0117108	0.001642381	0.0006659301	0.0003168271	0.0001573341	3.105601e-05	2.443584e-05
87	0.4311818	0.2538443	0.2481091	0.03507141	0.03003121	0.0301646	0.02930263	0.01267543	0.0124388	0.01228723	0.01239482	0.01109631	0.01028967	0.0003479776	0.0003036279	0.0001042333	4.189825e-05	1.070467e-05
88	0.3096648	0.2931378	0.2263617	0.2228508	0.0112234	0.006045212	0.005923203	0.004910717	0.004713211	0.004399571	0.004219537	0.004230997	0.003127302	0.002221634	0.0003190701	0.000288414	9.367109e-05	3.46353e-05
89	0.4342725	0.2895308	0.2802058	0.220752	0.2225303	0.01090551	0.005725406	0.005601673	0.004706128	0.004519848	0.004228015	0.004048383	0.004060984	0.002958653	0.002052408	0.0002882498	0.0002628249	8.536459e-05
90	0.6135033	0.4312115	0.2883227	0.2790676	0.2205362	0.2223512	0.01086594	0.005694449	0.005570408	0.00468238	0.004499519	0.00420773	0.004028451	0.004042086	0.002943418	0.002045355	0.0002876032	0.0002622647
91	0.380914	0.1967164	0.176629	0.04962605	0.03927225	0.009145772	0.008683801	0.008565562	0.003385801	0.003236009	0.002415768	0.002315297	0.001997633	0.001811123	0.001806157	0.00136128	0.0004772814	0.0002705645
92	0.4276961	0.2094849	0.1776444	0.1635325	0.04018275	0.03023974	0.003798797	0.003305949	0.003314341	0.003240745	0.003090412	0.002290231	0.002197084	0.001898133	0.001712037	0.001706747	0.001298189	0.0004204084
93	0.2663904	0.25418	0.1862653	0.1614749	0.1479015	0.03910562	0.02943313	0.003525833	0.003133495	0.003139971	0.00306441	0.003058627	0.00226275	0.002172229	0.001874467	0.00168836	0.001682966	0.00128806
94	0.194389	0.1765895	0.1705714	0.1217327	0.1024492	0.09403415	0.01676609	0.01020205	0.00308016	0.00278716	0.002809123	0.00282333	0.002815803	0.002079122	0.001995042	0.001699857	0.001518537	0.00151805
95	0.3618623	0.1722498	0.1566713	0.1520939	0.1059276	0.0893673	0.08280166	0.01264218	0.007386607	0.003016128	0.002738419	0.002761246	0.002775702	0.002771133	0.002043569	0.001960453	0.001669168	0.001488968
96	0.2712502	0.261983	0.1625632	0.1509606	0.1469198	0.1012922	0.08512852	0.0789093	0.01180804	0.007001355	0.002801176	0.002675798	0.002699224	0.0027132	0.002708043	0.00198701	0.001904153	0.001662418
97	0.4043754	0.2656326	0.2576648	0.1589545	0.1490557	0.14527	0.09983328	0.08384516	0.07779789	0.0115595	0.006900988	0.002740832	0.002620899	0.002646904	0.002672672	0.002667086	0.00197968	0.001897736
98	0.8825512	0.3450643	0.2069578	0.198622	0.09981892	0.08936942	0.08534712	0.08046702	0.06437477	0.05819039	0.01138275	0.006874654	0.00272962	0.002611475	0.002637519	0.00266322	0.002659043	0.001973415
99	0.5374123	0.5163289	0.3014661	0.1752884	0.1684029	0.07306501	0.06310434	0.06023336	0.05613936	0.05232452	0.04739726	0.009547072	0.006020444	0.002161496	0.00206702	0.002087838	0.002108528	0.00213182
100	0.2367551	0.1938406	0.1767449	0.06719817	0.04537432	0.04307067	0.03549999	0.03435579	0.03374292	0.03260214	0.03127907	0.0298248	0.002651792	0.001012958	0.0003958324	0.0003743478	0.000377354	0.00038023
101	0.4147348	0.04893333	0.0462525	0.04581516	0.01648885	0.006972906	0.006414216	0.006024714	0.005832754	0.005689617	0.005308926	0.004895513	0.004550739	0.0004976629	8.902826e-05	2.581805e-05	2.401075e-05	2.397656e-05
102	0.4766967	0.2605316	0.02559055	0.02469814	0.02437897	0.005448471	0.003790479	0.003395806	0.003127172	0.002988527	0.002877366	0.002518246	0.002168738	0.001865042	0.0003455986	7.100976e-05	1.926452e-05	1.787136e-05
103	0.5761461	0.3919439	0.2505055	0.02426413	0.02358978	0.02334019	0.004744308	0.003133091	0.002749333	0.002479185	0.002361695	0.002245776	0.001883255	0.001530927	0.001249213	0.0003256879	6.266835e-05	1.884899e-05
104	0.6004722	0.5645877	0.386352	0.2498763	0.02414423	0.0234856	0.02323833	0.004658768	0.003052264	0.002668662	0.002401554	0.002283657	0.002169988	0.001808007	0.001508296	0.001227975	0.000324164	6.20093e-05
105	0.6521149	0.5993224	0.5638278	0.3856691	0.2496551	0.02413255	0.02347648	0.0232301	0.004650851	0.003045598	0.002662774	0.002395751	0.002278259	0.002164594	0.00180261	0.00150353	0.001223392	0.0003238209
106	0.8780874	0.6446687	0.5963747	0.5619315	0.3848855	0.249277	0.02392916	0.02327813	0.02303576	0.004457969	0.002853501	0.002474419	0.002206459	0.002090425	0.001976071	0.00176882	0.001473455	0.001193973
107	0.5865152	0.5219405	0.3926109	0.354806	0.3500568	0.3222509	0.2433082	0.02006604	0.02000763	0.02007335	0.001827407	0.0009533229	0.0008692098	0.000811325	0.000787788	0.0007655811	0.0007234396	0.0006697209
108	0.5997725	0.4764644	0.4659653	0.3769889	0.3429843	0.3407759	0.3168756	0.2411941	0.0186393	0.01875682	0.01892442	0.0007669011	4.107908e-05	3.226055e-05	2.641487e-05	2.390241e-05	2.151422e-05	1.92056e-05
109	0.1288124	0.1260865	0.1257482	0.118805	0.05639646	0.05674323	0.05723056	0.05181597	0.02648586	0.01858928	0.01871136	0.01888529	0.0007323131	1.43229e-05	9.950792e-06	7.584259e-06	6.53938e-06	5.571136e-06
110	0.1798129	0.06397659	0.06171132	0.0608875	0.05889098	0.05612998	0.0566293	0.05713522	0.05174056	0.0264105	0.01851382	0.01869865	0.01888442	0.0007314794	1.368927e-05	9.362549e-06	7.054942e-06	6.031344e-06
111	0.7040663	0.1238442	0.02525211	0.02327549	0.02216769	0.01990487	0.0178349	0.0179709	0.0181031	0.01820545	0.01836005	0.01851349	0.01869834	0.01888412	0.000731218	1.350328e-05	9.186613e-06	6.888661e-06
112	0.5639775	0.4870582	0.1178401	0.0248334	0.02308594	0.02199351	0.01976966	0.01774048	0.01787913	0.01803138	0.01814381	0.01831377	0.01849136	0.01867684	0.01886564	0.0007231322	7.273675e-06	4.826863e-06
113	0.187665	0.1499039	0.08995711	0.02200057	0.006415525	0.004993999	0.004904316	0.00285428	0.0007770859	0.0007563634	0.0007479818	0.0006991197	0.0006983324	0.000701703	0.0007077652	0.0007140072	0.0007208245	5.525308e-06
114	0.2184393	0.1508964	0.1257782	0.0700185	0.01175575	0.003503992	0.002791971	0.002774441	0.0007265017	7.802397e-05	6.49019e-05	5.536041e-05	1.255945e-05	8.32871e-06	5.936679e-06	5.548009e-06	5.056952e-06	4.79858e-06
115	0.2447193	0.2145413	0.1500432	0.1254229	0.06975476	0.01157054	0.003481674	0.002775561	0.002763366	0.0007189001	7.500343e-05	6.232379e-05	5.29823e-05	1.094893e-05	6.766364e-06	4.379332e-06	3.985056e-06	3.486843e-06
116	0.5217416	0.2181373	0.1935883	0.145646	0.1248644	0.06955912	0.01147236	0.003457828	0.002772911	0.00276122	0.0007168888	7.415244e-05	6.163041e-05	5.241943e-05	1.054737e-05	6.421456e-06	4.156575e-06	3.766546e-06
117	0.4475008	0.4025127	0.2047801	0.1872132	0.140393	0.1243784	0.06915601	0.01115383	0.003429133	0.002761046	0.002751416	0.0007075985	7.318533e-05	6.1022e-05	5.193185e-05	1.032894e-05	6.281477e-06	4.058869e-06
118	0.4239868	0.3672907	0.3472153	0.1637705	0.1516426	0.1294316	0.1176292	0.06499042	0.009081866	0.002821087	0.002363827	0.002358871	0.0003140272	5.990677e-05	5.396014e-05	4.711642e-05	7.613898e-06	4.697664e-06
119	0.3598182	0.342736	0.2978462	0.281332	0.1003581	0.0895086	0.07353021	0.06466579	0.01312489	0.008423773	0.002686038	0.002287113	0.002283904	0.0002390148	5.662822e-05	5.197762e-05	4.567638e-05	6.742228e-06
120	0.282127	0.2237371	0.2182065	0.1823105	0.1798285	0.03284231	0.02644135	0.01584809	0.01086892	0.008085954	0.004368495	0.0023589	0.002154648	0.00216602	0.0001226691	2.874144e-05	2.642799e-05	2.155582e-05
121	0.335464	0.2345868	0.2085723	0.2058205	0.1704547	0.1692079	0.02569529	0.02047058	0.01136341	0.006986985	0.005048726	0.003940529	0.002305165	0.002134674	0.002147369	0.0001041709	2.694429e-05	2.512823e-05
122	0.1607624	0.07583389	0.05422244	0.04573712	0.04398695	0.03925241	0.03764939	0.01877752	0.01616638	0.007419223	0.003925425	0.002197648	0.001273608	0.0002475872	8.153795e-05	7.795227e-05	7.761919e-05	6.439025e-06
123	0.1611095	0.05613039	0.02554825	0.01850313	0.01373732	0.01252	0.01190541	0.0108187	0.0091759	0.007883989	0.004629794	0.002827704	0.001535506	0.0009066435	0.0001485284	2.026608e-05	1.735066e-05	1.675895e-05
124	0.3667788	0.08426599	0.05271266	0.02387734	0.01703545	0.01316557	0.0120458	0.01144564	0.01045597	0.008863273	0.007619682	0.004566419	0.002801779	0.001516282	0.0008988522	0.0001475035	1.985928e-05	1.697235e-05
125	0.3605883	0.3055235	0.05958606	0.03567931	0.01992182	0.01443054	0.01179556	0.01096898	0.01047857	0.009580424	0.008098661	0.007273635	0.00431069	0.002619953	0.00144025	0.0008679678	0.0001440017	1.938493e-05
126	0.5145145	0.2743532	0.2264788	0.0447981	0.02452283	0.01703862	0.01210845	0.00986501	0.009218007	0.008835572	0.008060439	0.00721179	0.006661103	0.003771566	0.002173899	0.001374596	0.0008407892	0.0001399724
127	0.5629902	0.4625637	0.2520285	0.2079025	0.03746361	0.01984232	0.01342647	0.01156478	0.00944504	0.008844353	0.008477781	0.007723749	0.006904727	0.006405039	0.003554867	0.002099548	0.0013611	0.0008331504
128	0.5461793	0.4813426	0.4134124	0.2181475	0.176845	0.03419657	0.01814092	0.01259499	0.01095403	0.009074365	0.008525205	0.008179747	0.007454093	0.006707982	0.006265306	0.003463012	0.002054657	0.001332871
129	0.590148	0.4841584	0.4407634	0.382345	0.190601	0.1510776	0.03291035	0.01734027	0.01204709	0.0107066	0.008890747	0.008353879	0.0080765	0.007358094	0.006634698	0.00620939	0.003429426	0.002038495
130	0.460759	0.3967148	0.3371859	0.3012981	0.2917087	0.1039849	0.06885787	0.01510121	0.009481802	0.005940575	0.00506068	0.003898939	0.003682738	0.003450023	0.002889078	0.002181695	0.001806479	0.0009927848
131	0.4628629	0.3797649	0.3442527	0.3201504	0.2873781	0.2786158	0.101344	0.06659908	0.01458225	0.009024912	0.005542901	0.004664143	0.003528165	0.003313953	0.003079499	0.002847699	0.002147134	0.001775212
132	0.5659231	0.3918952	0.333929	0.3208869	0.3042554	0.2727449	0.2648646	0.08835432	0.05495807	0.01169879	0.007892891	0.004879407	0.004127286	0.003119246	0.0029383	0.002721156	0.002507199	0.001845373
133	0.6666994	0.5367433	0.3767641	0.32742	0.3159417	0.3001973	0.269009	0.2615133	0.08524434	0.05194693	0.01107595	0.00764746	0.004739789	0.004033177	0.003050022	0.002873832	0.002659589	0.002448213
134	0.3336936	0.2655338	0.1709649	0.08135477	0.05540387	0.0527542	0.04471102	0.04057773	0.03653859	0.0341634	0.028937	0.005592735	0.003360327	0.002097338	0.001706216	0.001496242	0.001433744	0.001262734
135	0.2629582	0.190037	0.1494898	0.1235818	0.0495705	0.03375001	0.03201209	0.02586739	0.02294551	0.02040128	0.01892992	0.01784687	0.003697122	0.002247819	0.00138312	0.001118335	0.0009714739	0.0009319264
136	0.3042834	0.1950832	0.1515859	0.1216734	0.1014402	0.03024541	0.02267529	0.02180662	0.01708398	0.01541154	0.0145148	0.01366811	0.01284364	0.002676982	0.001604017	0.001120407	0.0009361485	0.0008268117
137	0.3188055	0.2784407	0.1809894	0.1430943	0.1151222	0.09668833	0.02677349	0.019746	0.01899606	0.01446898	0.01299929	0.01235198	0.01164	0.01089162	0.002369609	0.001435278	0.001013884	0.0008479402
138	0.4513809	0.2470964	0.2287636	0.1417193	0.1189649	0.09848534	0.08733458	0.02058673	0.01524169	0.01486494	0.01140065	0.01022696	0.009736088	0.009341685	0.008817804	0.001409668	0.001001611	0.0007789593
139	0.4242529	0.3926693	0.2316064	0.2167127	0.1325129	0.1139179	0.0951504	0.0850751	0.01900781	0.01407492	0.01375306	0.01054999	0.009439964	0.008973833	0.008646485	0.00817657	0.001211017	0.0008950132
140	0.4607177	0.386827	0.3703792	0.2136114	0.2000259	0.1177686	0.1106912	0.09284072	0.08321017	0.01820349	0.01350681	0.01321745	0.01017411	0.009104467	0.008651937	0.008343267	0.007921577	0.001131547
141	0.4302128	0.3869851	0.3371552	0.3235382	0.2041113	0.1931429	0.1120012	0.1073911	0.09145681	0.08203837	0.0176992	0.01313699	0.01286116	0.009914923	0.008877062	0.008440609	0.008143533	0.007739953
142	0.4498384	0.3966644	0.3687513	0.3249511	0.3120405	0.2010116	0.1911509	0.1104859	0.1062575	0.09055679	0.08124863	0.01729955	0.01279726	0.0125274	0.009622138	0.008599227	0.008170832	0.00787955
143	0.2275171	0.1998098	0.1860454	0.1722147	0.1472648	0.1371834	0.128771	0.1241017	0.04342547	0.03889638	0.03412134	0.02445333	0.01674567	0.0122646	0.01199694	0.009104006	0.008086712	0.007658546
144	0.257316	0.2047906	0.1905814	0.1785582	0.165738	0.141684	0.1321087	0.1255135	0.1211772	0.0406026	0.03636679	0.03189982	0.02230576	0.01464144	0.01153272	0.01126926	0.008399075	0.007387062
145	0.3384458	0.2254258	0.1935956	0.1812265	0.1704727	0.1595376	0.1386498	0.1296404	0.1244196	0.1202548	0.04026472	0.03610683	0.03168512	0.02212157	0.01450034	0.0114123	0.01115947	0.008304759
146	0.7219897	0.3163068	0.2128334	0.1864142	0.1757428	0.1659936	0.1555953	0.1356304	0.1271335	0.1227348	0.1187303	0.0396171	0.03557778	0.03122767	0.02170292	0.01413226	0.01106866	0.0108858
147	0.8703529	0.662322	0.2846435	0.2051834	0.1834213	0.1733703	0.1641406	0.1540605	0.1342876	0.1259355	0.1217209	0.1177608	0.03927549	0.03527769	0.03095982	0.02146926	0.01394461	0.01089979
148	0.5194013	0.449399	0.395566	0.1829071	0.1203481	0.102656	0.09398068	0.08620528	0.0774261	0.05845817	0.05100531	0.04694418	0.04295837	0.0269899	0.02394517	0.02044157	0.01688829	0.01147517
149	0.3439421	0.3161418	0.2982996	0.2686517	0.1107383	0.06673232	0.05897728	0.05365183	0.04756151	0.04259172	0.0360365	0.03219387	0.03019352	0.0274959	0.01827027	0.01627455	0.01363803	0.01248656
150	0.52149	0.3179048	0.3067569	0.2895806	0.2607308	0.1058232	0.06472932	0.05726762	0.05212646	0.04617087	0.04134992	0.03509352	0.0313381	0.02939596	0.02684152	0.01785569	0.01592471	0.01336288
151	0.5052099	0.3371666	0.2942985	0.2855583	0.2687284	0.2457023	0.09868129	0.06137639	0.05449442	0.04955235	0.04379507	0.0391073	0.03293587	0.02931211	0.02745657	0.02498266	0.0165334	0.01469578
152	0.5900923	0.4400933	0.2826078	0.2646689	0.2599018	0.2458149	0.2262095	0.08097038	0.05683462	0.05067591	0.04607431	0.04070459	0.03631365	0.03061621	0.0272295	0.02550735	0.02327841	0.01532447
153	0.6422892	0.5432729	0.3984098	0.261622	0.247088	0.2430025	0.2384352	0.22124	0.07616211	0.05462276	0.04868322	0.04422727	0.03901602	0.03475538	0.0292663	0.02599584	0.02434744	0.0222368
154	0.6880527	0.6185169	0.5233352	0.3831083	0.2489465	0.2371787	0.2332401	0.2318997	0.2156998	0.07368787	0.05304047	0.04723778	0.04290429	0.03785113	0.03371747	0.0283513	0.02517942	0.02358312
155	0.807013	0.6791761	0.6098857	0.5173217	0.3800613	0.2463646	0.2347488	0.2312611	0.2299939	0.2154193	0.07283535	0.05219874	0.04636366	0.04200853	0.03693529	0.03278071	0.02739301	0.02425284
156	0.5035002	0.3382266	0.3095642	0.303247	0.2577802	0.2157627	0.113248	0.1075239	0.1064565	0.1057589	0.09554177	0.02645288	0.02086423	0.01918587	0.01813698	0.01696322	0.01600024	0.01488106
157	0.4952849	0.4681217	0.3058789	0.2798116	0.274487	0.2321931	0.1993531	0.1012484	0.09881235	0.09785971	0.09727724	0.08858451	0.02098771	0.01653453	0.01544725	0.01484937	0.01410765	0.01355667
158	0.6466224	0.3379257	0.3236245	0.1889064	0.1696502	0.1662788	0.1453488	0.1185958	0.03126472	0.02917935	0.02842046	0.02797097	0.0214134	0.01581413	0.01316423	0.0123464	0.01179106	0.01114691
159	0.4207832	0.3493755	0.3104662	0.301253	0.1660877	0.1500786	0.14743	0.1283279	0.1077221	0.02319034	0.02141938	0.02089372	0.02050546	0.01580439	0.01155993	0.01005493	0.00947058	0.009158469
160	0.5739307	0.401779	0.3334454	0.3028045	0.2941015	0.1580288	0.1421258	0.1395558	0.1211244	0.1035164	0.0196565	0.01821083	0.01774288	0.01739831	0.01375204	0.01008707	0.008811829	0.008307496
161	0.7288633	0.4667938	0.3154691	0.2483286	0.222807	0.2204033	0.08337826	0.0674781	0.06494002	0.0467441	0.03140334	0.01742831	0.01603175	0.01561774	0.01529647	0.01257596	0.009224487	0.008019042
162	0.6156074	0.533261	0.4038854	0.2572352	0.2232646	0.2096616	0.2083946	0.07047994	0.05552379	0.05313123	0.03563931	0.02490734	0.0128096	0.01165273	0.01131088	0.01102687	0.009603371	0.006639453
163	0.6368013	0.5405706	0.4693606	0.3951395	0.2509754	0.2191804	0.2062681	0.2053976	0.06659308	0.05157093	0.04918376	0.03207377	0.02258695	0.01121849	0.01009941	0.009779102	0.009613429	0.008710578
164	0.6511931	0.6018643	0.5288178	0.4592664	0.3866582	0.2417041	0.2145604	0.2024875	0.2017795	0.0633939	0.04828312	0.04588899	0.02924974	0.02061989	0.01041579	0.009324661	0.009009549	0.008908451
165	0.5312515	0.468077	0.421055	0.3748907	0.3157093	0.2431102	0.09715883	0.07160404	0.0606788	0.06004886	0.05988907	0.04467635	0.0422696	0.02629823	0.01836761	0.009819017	0.008768021	0.0084523
166	0.7312312	0.5025732	0.4440687	0.3973838	0.3549106	0.2959294	0.2229871	0.07675251	0.05220557	0.04236551	0.04178138	0.04162482	0.04076357	0.03848001	0.02303717	0.01581094	0.009088923	0.008041359
167	0.7432976	0.6963853	0.4846152	0.4353163	0.3896898	0.3483184	0.289185	0.215944	0.06876629	0.04523469	0.03652907	0.03598519	0.03583156	0.03519718	0.03497206	0.02021871	0.01388629	0.008495422
168	0.7409352	0.7129085	0.6664673	0.4633762	0.4238601	0.3809611	0.3405728	0.2812449	0.2100101	0.06223951	0.03986359	0.03253077	0.03202746	0.03187769	0.0312979	0.03109797	0.01752424	0.01174719
169	0.7229815	0.6662269	0.6395241	0.5940952	0.4470499	0.4094205	0.3694541	0.3298259	0.2760862	0.2045925	0.05593443	0.03465354	0.02862923	0.02816976	0.02806517	0.02750501	0.02731117	0.01459435
170	0.7242975	0.5144975	0.4679017	0.4427734	0.39712	0.2569791	0.2263916	0.2138525	0.1751713	0.121307	0.05281871	0.04928472	0.02860818	0.02356372	0.02315042	0.02305092	0.02250978	0.02234769
171	0.6253517	0.5051776	0.4665573	0.435602	0.4110554	0.3652026	0.2260873	0.1954371	0.1829819	0.1444478	0.09621254	0.02737236	0.02389215	0.021678	0.01767265	0.01730787	0.01721294	0.01667712
172	0.2697214	0.257665	0.2203646	0.2041976	0.1990242	0.1763954	0.1392426	0.08457018	0.0771428	0.07569552	0.07111242	0.06722568	0.008918258	0.008441203	0.007595744	0.006360753	0.006258473	0.006240394
173	0.3354058	0.146242	0.1366969	0.1354208	0.1224485	0.1196483	0.09714232	0.06098635	0.01296543	0.007701232	0.006688601	0.005219314	0.00488457	0.003154706	0.003023251	0.002911204	0.002743296	0.002715648
174	0.4848136	0.3276489	0.141572	0.1319835	0.1307866	0.1229649	0.1201645	0.09747674	0.06102721	0.01271525	0.007423684	0.006411524	0.004966055	0.004656473	0.002924319	0.002820231	0.002736818	0.002609276
175	0.4813746	0.4625641	0.3282676	0.1409645	0.1318126	0.1308986	0.1230731	0.1202622	0.09739078	0.06064612	0.01226707	0.006996241	0.006022172	0.00463261	0.004374422	0.002668488	0.002571508	0.00252152
176	0.1778077	0.1144243	0.1079355	0.07361363	0.05793813	0.0564565	0.05642362	0.05558933	0.05544894	0.05541886	0.05540693	0.008647106	0.003800328	0.002856807	0.002525429	0.0023281	0.0006187612	0.0005834829
177	0.5149423	0.10848	0.07497212	0.07028919	0.05186727	0.05128641	0.05122079	0.05119881	0.05111581	0.05109324	0.05108597	0.0510809	0.007822165	0.003080775	0.002138541	0.001960815	0.001843244	0.0002112275
178	0.4509413	0.4417259	0.0527749	0.02468955	0.02390278	0.008180853	0.007843048	0.007789709	0.007769534	0.007745874	0.007729055	0.007723423	0.007720747	0.007362658	0.002850451	0.001903595	0.001740337	0.001713686
179	0.4530662	0.4286995	0.4232303	0.04035274	0.01815986	0.01763901	0.003423719	0.003171797	0.00312217	0.003107102	0.003089337	0.003076415	0.003071921	0.003069793	0.002815834	0.002758397	0.001854257	0.001699708
180	0.474495	0.428563	0.4190431	0.4151776	0.03046969	0.01464381	0.01427115	0.002386696	0.002192613	0.002147702	0.002136298	0.002122657	0.002113393	0.002109998	0.002108426	0.001865757	0.001825411	0.00180851
181	0.09129903	0.08511955	0.0466152	0.04235026	0.04070127	0.01113511	0.00628864	0.006147859	0.001720697	0.00164769	0.00162729	0.001623236	0.001618461	0.001614283	0.001612782	0.001612082	0.001549001	0.001526068
182	0.05054271	0.0391964	0.03759087	0.0362628	0.03486623	0.03394189	0.006607279	0.00388897	0.00379855	0.0001954638	0.0001435564	0.0001300861	0.0001269981	0.0001231672	0.0001207236	0.0001197847	0.0001192593	6.296858e-05
183	0.4294558	0.0331113	0.02699583	0.02615106	0.02516944	0.02424656	0.02352403	0.005340509	0.003310371	0.003236755	0.0001535779	0.0001110385	9.812506e-05	9.540348e-05	9.214185e-05	9.067746e-05	9.007823e-05	8.965808e-05
184	0.5306329	0.3852059	0.02996475	0.0251833	0.02451101	0.02364934	0.02283422	0.02217948	0.004760096	0.003059716	0.002992531	0.0001293966	9.028473e-05	8.378154e-05	8.119491e-05	7.818579e-05	7.700384e-05	7.650492e-05
185	0.4011476	0.3544001	0.3503743	0.006198472	0.00402156	0.003970247	0.003921123	0.003876134	0.003776777	0.0007708375	0.0005088026	0.0004966057	1.551326e-05	9.470149e-06	8.518719e-06	8.303315e-06	8.112288e-06	8.040934e-06
186	0.4816546	0.403764	0.3573275	0.353425	0.006199073	0.004016669	0.003967721	0.00392098	0.003877768	0.00377993	0.000763534	0.000505365	0.0004932358	1.502305e-05	9.028965e-06	8.317031e-06	8.106569e-06	7.924411e-06
187	0.01341892	0.003896386	0.0008646326	0.0004997752	0.0004280371	6.330917e-05	5.17365e-05	5.098721e-05	5.003746e-05	4.930101e-05	4.438448e-05	4.131046e-05	2.939767e-05	2.919643e-05	7.532501e-07	3.858553e-07	3.669319e-07	3.628133e-07
188	0.152998	0.00234673	0.0013639	0.0001858312	5.010749e-05	1.119237e-05	4.400526e-06	2.459491e-06	2.105984e-06	1.746876e-06	1.569096e-06	1.392574e-06	1.312321e-06	8.941143e-07	8.29629e-07	2.051343e-07	1.591482e-07	1.580765e-07
189	0.1376577	0.1351838	0.00189764	0.001124979	0.0001658034	4.098795e-05	6.806728e-06	3.222263e-06	1.533538e-06	1.247689e-06	1.079909e-06	9.33978e-07	8.190816e-07	7.961534e-07	5.775134e-07	5.198393e-07	1.897173e-07	1.475164e-07
190	0.03998866	0.03874644	0.03795528	0.001227436	0.0008382102	4.190402e-05	1.40302e-05	4.219862e-06	2.339535e-06	9.994272e-07	7.765319e-07	6.616205e-07	6.074729e-07	5.273503e-07	5.17648e-07	3.905786e-07	3.814718e-07	1.844656e-07
191	0.02882716	0.02799992	0.02761532	0.02697099	0.001090811	0.0007669184	2.856097e-05	9.028495e-06	2.605945e-06	1.480113e-06	6.485497e-07	5.139879e-07	4.44746e-07	4.087184e-07	3.521854e-07	3.441884e-07	2.648746e-07	2.582335e-07
192	0.8773765	0.02430854	0.02360156	0.02322103	0.02259574	0.001043033	0.0007403842	2.28315e-05	6.943115e-06	2.162483e-06	1.26735e-06	5.378718e-07	4.394027e-07	3.881274e-07	3.58795e-07	3.092682e-07	3.016659e-07	2.375943e-07
193	0.9594615	0.8733036	0.01927768	0.01862224	0.01824867	0.01764447	0.0004129318	0.0001508821	9.835445e-06	3.472078e-06	8.708958e-07	4.936961e-07	2.900398e-07	2.361898e-07	2.0822e-07	1.862391e-07	1.63356e-07	1.560622e-07
194	0.9549589	0.9529137	0.8710634	0.01435348	0.01379699	0.01342865	0.0128428	0.0001617145	0.000103222	2.46378e-06	6.92569e-07	2.461233e-07	1.459529e-07	1.011689e-07	8.767714e-08	7.885177e-08	7.353529e-08	6.775561e-08
195	0.950239	0.9408729	0.9402927	0.8577712	0.008929635	0.00842703	0.008341817	0.008274197	0.0001167304	7.596251e-05	1.646745e-06	4.373307e-07	1.616732e-07	9.723492e-08	6.804684e-08	5.984725e-08	5.490742e-08	5.102796e-08
196	0.1295639	0.1181796	0.1113515	0.1108836	0.02798468	0.00632079	0.005834699	0.005753195	0.005721658	9.683021e-05	6.570055e-05	1.379351e-06	3.536152e-07	1.260233e-07	7.404136e-08	5.411243e-08	4.926812e-08	4.516863e-08
197	0.1355718	0.1181324	0.1100306	0.105226	0.1047804	0.02328969	0.002602806	0.002466582	0.002385633	0.00236702	6.983637e-05	5.123897e-05	1.08831e-06	2.789927e-07	1.037986e-07	6.089724e-08	4.508699e-08	4.122102e-08
198	0.05146765	0.03762592	0.02494779	0.01901402	0.01522703	0.01482655	0.008280648	0.0008653836	0.0007906838	0.0007824279	0.0007746941	3.562839e-05	2.692851e-05	6.120113e-07	1.640361e-07	6.875808e-08	3.997212e-08	2.961886e-08
199	0.02490444	0.02088649	0.01629535	0.005352771	0.00218038	0.001155483	0.001110597	0.0007884342	0.0001259916	7.673789e-05	7.195795e-05	7.071188e-05	2.203829e-06	9.174364e-07	7.513528e-08	2.870091e-08	2.112437e-08	1.052178e-08
200	0.06385869	0.003373838	0.002003335	0.001351928	0.0005757966	0.0004693167	0.0002599382	0.0002531416	0.0002231301	4.252761e-05	4.05789e-05	3.644338e-05	3.575315e-05	8.797969e-07	4.794921e-07	2.84009e-08	1.616435e-08	1.233101e-08
201	0.6959413	0.05613025	0.002660831	0.001533278	0.001031482	0.0004287725	0.000384536	0.000197616	0.000191937	0.0001793429	3.17459e-05	3.036069e-05	3.01491e-05	2.950939e-05	7.25096e-07	4.323511e-07	2.252332e-08	1.284039e-08
202	0.6957587	0.6545397	0.05049517	0.002277914	0.001248349	0.0008078373	0.0002206059	0.0001819844	0.0001654887	0.0001604501	0.0001489699	2.721967e-05	2.604601e-05	2.58945e-05	2.563155e-05	6.303652e-07	3.938334e-07	2.050459e-08
203	0.689041	0.5903036	0.5848105	0.04820199	0.002002235	0.001104095	0.0007055444	0.0001857653	0.0001597173	0.0001452097	0.0001407182	0.0001342116	2.446176e-05	2.341228e-05	2.328395e-05	2.304179e-05	5.403245e-07	3.482967e-07
204	0.7430684	0.5916457	0.5773455	0.5723967	0.04446855	0.001927267	0.00107807	0.0006952407	0.0001749515	0.0001510536	0.0001381237	0.0001338159	0.0001279395	2.246447e-05	2.144753e-05	2.132803e-05	2.117257e-05	4.504837e-07
205	0.2018431	0.1929062	0.1490969	0.1391372	0.1345847	0.04137605	0.001339149	0.0005719695	0.0002207831	0.0001607236	0.0001411386	0.0001292108	0.0001251313	0.0001195144	2.028644e-05	1.932988e-05	1.922187e-05	1.908106e-05
206	0.3089323	0.1405707	0.1382304	0.09541696	0.08932274	0.08565224	0.02107054	0.001141935	0.0005223866	0.0002092072	0.0001560405	0.0001379957	0.0001263107	0.0001222833	0.0001167373	1.877125e-05	1.801585e-05	1.791787e-05
207	0.85644	0.2769161	0.132019	0.1300015	0.08682123	0.08105258	0.07747371	0.02076085	0.001141252	0.0005230564	0.0002091402	0.0001561489	0.0001380018	0.0001262859	0.0001222492	0.0001166707	1.851265e-05	1.776698e-05
208	0.8819937	0.838026	0.2631971	0.1228517	0.1211193	0.07822113	0.07254564	0.06902364	0.02039443	0.001142007	0.0005242362	0.0002090958	0.0001561606	0.0001378913	0.0001261389	0.0001220768	0.0001164662	1.80997e-05
209	0.3452886	0.3144305	0.2789015	0.1961675	0.0691571	0.06764277	0.06437304	0.05939144	0.05660232	0.01854615	0.001123986	0.0005164772	0.0002026793	0.0001529775	0.0001350445	0.0001232665	0.0001192995	0.0001137292
210	0.2710127	0.2247178	0.2163365	0.1941822	0.1371035	0.05185678	0.05049331	0.04804792	0.04345513	0.04088045	0.01603771	0.001069634	0.0004797657	0.0001934078	0.0001456223	0.0001278517	0.0001213805	0.0001174538
211	0.2316672	0.1834258	0.1763845	0.1706779	0.155264	0.117472	0.04325892	0.04216943	0.03998142	0.03574454	0.03530717	0.01345112	0.0009019225	0.0003816623	0.0001787098	0.0001371763	0.0001207308	0.0001148346
212	0.2545644	0.1803084	0.1646016	0.158316	0.1536747	0.1404644	0.1066733	0.03491699	0.0339892	0.03202704	0.03042647	0.03003396	0.01109365	0.0008013755	0.0003404664	0.0001593037	0.0001282622	0.0001142642
213	0.3515565	0.2230913	0.1660882	0.1511134	0.1454167	0.1421373	0.1317543	0.1005212	0.03151433	0.03099539	0.0292679	0.02782772	0.0274868	0.01000074	0.0007163992	0.000310075	0.0001501709	0.0001221189
214	0.8126977	0.2902664	0.199132	0.1446196	0.1344735	0.1290258	0.1265708	0.1173931	0.08952837	0.02545253	0.02496364	0.02342917	0.0222404	0.02193498	0.008160453	0.0006457317	0.0002862752	0.000143644
215	0.424495	0.4136668	0.1649942	0.1039312	0.09213679	0.08414819	0.08284349	0.08140439	0.07590779	0.05702725	0.01602828	0.01566707	0.0144819	0.01364601	0.01343944	0.00557613	0.0004897797	0.0002131892
216	0.3825228	0.2701796	0.2650468	0.09494306	0.05171418	0.04890052	0.04768277	0.04738497	0.04658179	0.04294959	0.03105758	0.007537497	0.007299814	0.006497818	0.006126313	0.006011524	0.002511659	0.0003005471
217	0.4155776	0.3055733	0.245596	0.2415696	0.08196305	0.04231343	0.04018388	0.03950966	0.03929536	0.03863501	0.035116	0.02588667	0.004758231	0.004550111	0.004201888	0.003985148	0.003924834	0.00150201
218	0.5823338	0.3678145	0.260843	0.2137662	0.2099768	0.06484594	0.02952152	0.02788546	0.0275144	0.0273424	0.02673864	0.02326452	0.0182138	0.003192766	0.003032247	0.002832021	0.002687353	0.002653001
219	0.4447115	0.3741758	0.3157784	0.2169042	0.1777069	0.174102	0.04856571	0.01693297	0.01583655	0.01558914	0.01546637	0.01489931	0.01153077	0.008335955	0.002165981	0.002061338	0.00188879	0.001777751
220	0.1855246	0.1479636	0.1420487	0.08938252	0.07482265	0.05265606	0.0492936	0.03161551	0.01061369	0.009733189	0.0095373	0.009425097	0.008873255	0.005544066	0.002924238	0.001687232	0.001620967	0.00146536
221	0.2771966	0.1615047	0.1333249	0.128656	0.08251297	0.06981543	0.04813456	0.04476265	0.03009953	0.009527073	0.008679935	0.00850654	0.008396371	0.007851699	0.0045124	0.002206567	0.00121343	0.001150029
222	0.3440251	0.2177289	0.1498525	0.1265835	0.1222673	0.07611404	0.06364335	0.04205589	0.03865775	0.0296667	0.009238725	0.008395051	0.008227587	0.008117171	0.007572568	0.004208509	0.002006446	0.001049143
223	0.2586635	0.2252192	0.1538593	0.1178571	0.1006129	0.09778798	0.0516276	0.0430675	0.03163736	0.03037724	0.02407521	0.004497473	0.00379413	0.003656736	0.003571787	0.00305326	0.001959594	0.001210264
224	0.5770701	0.2501249	0.2180655	0.1513997	0.1175886	0.1006924	0.09798987	0.05155111	0.0429812	0.03168969	0.03042305	0.02415288	0.004384657	0.003676251	0.003540701	0.003455546	0.002936385	0.001840823
225	0.9272497	0.5599531	0.2425839	0.2144834	0.1496347	0.1167871	0.1000117	0.0973357	0.0505551	0.0419347	0.03192501	0.03065006	0.02434794	0.004342801	0.003629362	0.003494106	0.003408518	0.002887008
226	0.789305	0.7483052	0.4908046	0.1919734	0.1739591	0.1148231	0.08708468	0.0726997	0.0707003	0.04026259	0.03482722	0.02834137	0.02740102	0.02299084	0.003257319	0.002715872	0.002618204	0.002565976
227	0.6394953	0.6133546	0.5761983	0.4591944	0.1682737	0.1517781	0.09679288	0.07072659	0.0567871	0.05493078	0.03512685	0.0315139	0.02729171	0.02652457	0.02238801	0.002492636	0.002123844	0.002051878
228	0.504497	0.4945823	0.4778052	0.4418892	0.3652863	0.1022939	0.08878222	0.0548054	0.03501879	0.02836095	0.02691058	0.01960732	0.01753377	0.0151598	0.01478291	0.01230439	0.001513397	0.001317952
229	0.2543415	0.2022484	0.1969005	0.1823893	0.1775859	0.135694	0.07279771	0.06123577	0.0337566	0.01842697	0.01505786	0.01425735	0.01093188	0.009811293	0.008366795	0.00812251	0.006259876	0.001078753
230	0.396313	0.1454816	0.1383352	0.1369263	0.1316491	0.1288249	0.1012228	0.05468812	0.05096926	0.02615136	0.01584526	0.01331862	0.01271659	0.009766384	0.008757635	0.007403487	0.007165302	0.00556796
231	0.6436437	0.3731598	0.1375949	0.1352391	0.1340026	0.1290554	0.1262781	0.09912127	0.05359677	0.04997659	0.02517131	0.01485752	0.01238394	0.01188922	0.008940444	0.008140416	0.006920387	0.006681472
232	0.8692662	0.6339813	0.3619803	0.1371318	0.1350717	0.1338775	0.1290299	0.1262773	0.09940725	0.05368337	0.0501084	0.02522956	0.01488043	0.01240808	0.01191911	0.008941026	0.008146423	0.006949608
233	0.6245767	0.6171709	0.3832824	0.3318472	0.1289319	0.1270953	0.1260756	0.1215527	0.1188891	0.09325263	0.0490238	0.04562054	0.02108333	0.01106211	0.008711049	0.008241743	0.006394256	0.005798703
234	0.4282854	0.4077474	0.4040737	0.3377144	0.2982352	0.1242609	0.122638	0.1217132	0.1175044	0.1149524	0.08997897	0.04741452	0.04408997	0.02022888	0.01040837	0.008151349	0.007694051	0.005925888
235	0.6329723	0.3437907	0.3242847	0.320948	0.2582531	0.2196881	0.1232334	0.1217839	0.1209274	0.1168834	0.1143992	0.08971026	0.04705895	0.04375506	0.02031758	0.01046689	0.008209516	0.007751507
236	0.6820332	0.514891	0.3309473	0.3112999	0.3079396	0.2482439	0.2096375	0.123692	0.1222823	0.1214336	0.1173967	0.1149017	0.09042054	0.04734783	0.04405403	0.02049549	0.010561	0.008295978
237	0.2645336	0.197649	0.1529209	0.1355017	0.1342741	0.1337981	0.1025345	0.09138406	0.05723227	0.05679045	0.05660781	0.05548038	0.0548625	0.04694093	0.02514269	0.02420091	0.007107707	0.003258673
238	0.2366456	0.1863463	0.1423407	0.1112859	0.0989174	0.09840339	0.09817929	0.07522413	0.06719849	0.04173459	0.04142658	0.04132399	0.04056826	0.04016748	0.03451091	0.01825422	0.0176352	0.004394026
239	0.2257006	0.2055656	0.1562303	0.1186796	0.09182994	0.08016619	0.07975621	0.07957749	0.06040229	0.05378225	0.0339466	0.03370069	0.03361905	0.03300946	0.03268538	0.02806632	0.01479275	0.01429693
240	0.1160481	0.1131218	0.1020876	0.1007141	0.07761353	0.06722098	0.06072158	0.06041537	0.06027716	0.0463311	0.04128561	0.02638981	0.02620013	0.02613813	0.02568045	0.02543579	0.02191191	0.01155711
241	0.09519165	0.09153818	0.08942139	0.07975022	0.07870084	0.06126	0.05328285	0.05100532	0.05077418	0.0506589	0.03897415	0.03524851	0.02217485	0.0220169	0.02196591	0.02160738	0.02143103	0.01884189
242	0.3825743	0.08025169	0.07665981	0.07456239	0.06525375	0.06440287	0.05129339	0.04471309	0.04293368	0.04276569	0.04268975	0.03278341	0.03011746	0.0189075	0.0187814	0.01874217	0.01847749	0.0183555
243	0.970562	0.3698455	0.0653933	0.06474265	0.06263891	0.05479025	0.05405223	0.04367581	0.03890044	0.03746359	0.03732821	0.03726945	0.02841134	0.02635808	0.01704455	0.01693606	0.01690263	0.01668969
244	0.9837986	0.9678576	0.3652958	0.05772699	0.05718202	0.05506053	0.04740289	0.04681251	0.03853462	0.03454007	0.03332777	0.03322362	0.03317534	0.02535771	0.02388809	0.01521737	0.01512391	0.01509556
245	0.978248	0.9763427	0.9604026	0.3516152	0.04175283	0.04126421	0.03911598	0.03685046	0.0364085	0.03008358	0.02689625	0.0259304	0.02584702	0.02580769	0.0204452	0.019397	0.0122596	0.01219105
246	0.3877333	0.3867626	0.3857865	0.369813	0.3396808	0.02686326	0.02640143	0.02634729	0.02475825	0.02445442	0.02025599	0.01806036	0.01738808	0.01732788	0.01729933	0.01385526	0.01318524	0.008288448
247	0.04329497	0.03818649	0.03772138	0.03722717	0.0215106	0.01593744	0.01376128	0.01333116	0.01331269	0.01253135	0.01241181	0.01038647	0.009406032	0.009072712	0.009057876	0.00904854	0.007228229	0.006911439
248	0.009166485	0.007824115	0.0069474	0.006813534	0.006668764	0.006609406	0.00373567	0.003038652	0.003031895	0.003024077	0.002839265	0.002811127	0.002355585	0.002128936	0.002061507	0.002057954	0.00205577	0.001653486
249	0.01051736	0.003769292	0.003549961	0.003189035	0.003093456	0.003038288	0.003017567	0.0008280597	0.0004711482	0.0004695307	0.000466907	0.000432604	0.0004270015	0.0003610068	0.0003205486	0.0003105379	0.0003096838	0.000309262
250	0.04329452	0.003871645	0.00266801	0.00262667	0.002380651	0.002289238	0.002247315	0.002235241	0.000256429	1.70238e-05	1.637288e-05	1.433375e-05	1.355176e-05	1.301253e-05	1.017668e-05	7.083e-06	6.498779e-06	6.380236e-06
251	0.06097386	0.018063	0.003391054	0.002483849	0.002475558	0.002251357	0.002249906	0.002248888	0.002239268	0.0002281081	9.150371e-06	8.569206e-06	8.469707e-06	8.155284e-06	7.739809e-06	5.833842e-06	3.609542e-06	3.170382e-06
252	0.9548949	0.05819811	0.01749442	0.003274285	0.002469883	0.002462013	0.002301084	0.002299635	0.002298612	0.0022888	0.0002323538	8.757344e-06	8.167386e-06	8.069439e-06	7.850288e-06	7.458584e-06	5.595742e-06	3.524439e-06
253	0.9330308	0.9180908	0.05470391	0.01756631	0.003280348	0.002481739	0.002474057	0.002353796	0.00235237	0.002351333	0.002341353	0.0002363145	7.992999e-06	7.394832e-06	7.29738e-06	7.194528e-06	6.827463e-06	4.987236e-06
254	0.6733825	0.6530261	0.6387451	0.02365944	0.002964905	0.002346419	0.002211242	0.002206563	0.002200729	0.002199997	0.002199094	0.002197823	9.248244e-05	3.759697e-06	3.576655e-06	3.516904e-06	3.460362e-06	3.317992e-06
255	0.4268457	0.4230117	0.4141937	0.408027	0.01431293	0.0003449644	0.0001804959	9.845517e-05	9.679355e-05	9.419705e-05	9.384949e-05	9.372888e-05	9.313303e-05	8.821403e-05	2.804235e-06	2.638926e-06	2.627176e-06	2.581394e-06
256	0.5647792	0.3727088	0.3698221	0.362955	0.3576575	0.01060599	0.0001469328	5.085014e-05	8.942812e-06	8.108189e-06	7.459711e-06	7.121763e-06	7.01335e-06	6.466151e-06	2.937207e-06	2.011439e-06	1.848098e-06	1.83942e-06
257	0.1497456	0.1336999	0.1119132	0.1093631	0.1052853	0.1039991	0.005965021	0.0001019334	4.500189e-05	7.105625e-06	6.488293e-06	5.962199e-06	5.688965e-06	5.590021e-06	5.565e-06	2.096378e-06	1.211465e-06	1.203967e-06
258	0.09254745	0.07984821	0.07312794	0.06353416	0.06322876	0.06045711	0.05928579	0.003452245	7.383443e-05	3.862746e-05	5.75282e-06	5.249885e-06	4.808708e-06	4.791398e-06	4.713694e-06	4.698227e-06	1.51554e-06	7.176606e-07
259	0.4535251	0.05344272	0.04607754	0.04133324	0.03599903	0.03591912	0.03354916	0.03238084	0.001898558	5.091995e-05	3.149421e-05	4.423958e-06	4.022162e-06	3.847914e-06	3.839662e-06	3.829104e-06	3.820129e-06	1.105596e-06
260	0.4469007	0.4408271	0.03628299	0.03052771	0.02766147	0.02394871	0.0239001	0.02170453	0.02052399	0.001155904	3.096446e-05	1.83174e-05	2.529202e-06	2.315746e-06	2.257846e-06	2.25246e-06	2.245983e-06	2.240315e-06
261	0.0365603	0.02620164	0.02301644	0.0139228	0.01237808	0.01094398	0.009946113	0.009920638	0.009762982	0.009746972	0.0005990627	1.657113e-05	8.983579e-06	1.285189e-06	1.12596e-06	1.094738e-06	1.092363e-06	1.088858e-06
262	0.07605922	0.01027434	0.007313262	0.006313466	0.00395704	0.003473873	0.003125679	0.002821004	0.00281343	0.002782498	0.002778225	0.0001645554	4.842979e-06	1.18614e-06	2.520248e-07	1.336491e-07	1.240132e-07	1.232676e-07
263	0.07657128	0.06525193	0.00338615	0.002660151	0.002291532	0.0010773	0.0008861563	0.0007954579	0.0006909673	0.0006885075	0.0006812626	0.0006801053	4.479218e-05	3.034167e-06	4.282312e-07	1.380507e-07	2.421929e-08	2.003885e-08
264	0.5975348	0.05404735	0.04785013	0.001579678	0.001392515	0.001337347	0.0003892478	0.0002726361	0.0002396636	0.0001889207	0.0001877766	0.0001852922	0.000184939	1.362894e-05	2.733982e-06	3.43887e-07	1.243636e-07	8.644832e-09
265	0.6378637	0.5843675	0.05225923	0.04733111	0.0004812285	0.0003671296	0.0003347498	0.0002577596	0.0001676576	0.0001467462	0.0001031778	0.0001022354	0.0001008546	0.0001006206	6.366161e-06	4.353337e-07	3.157778e-07	1.256666e-07
266	0.9191356	0.5999128	0.554593	0.006703707	0.001948609	0.0003124426	0.0002124072	0.0001846081	0.0001272462	0.00011415	9.576911e-05	8.675302e-05	8.583507e-05	8.470162e-05	8.448999e-05	5.158586e-06	1.931988e-07	1.45894e-07
267	0.710078	0.6806012	0.5851458	0.5708094	0.006525205	0.001869575	0.0001974374	0.000163223	0.000142035	9.947138e-05	8.905684e-05	7.340357e-05	6.636738e-05	6.599465e-05	6.531283e-05	6.513175e-05	4.095877e-06	1.84007e-07
268	0.6702138	0.6629153	0.6604357	0.5983778	0.5907822	0.006477022	0.001839652	0.00012513	0.0001072353	9.857364e-05	6.517622e-05	5.71001e-05	5.480782e-05	4.94326e-05	4.910096e-05	4.874712e-05	4.869592e-05	2.968824e-06
269	0.9269328	0.6901733	0.6840133	0.6814692	0.6190677	0.6133948	0.006702825	0.001901575	0.0001232593	0.0001061373	9.767163e-05	6.42199e-05	5.614158e-05	5.423762e-05	4.906364e-05	4.872561e-05	4.840344e-05	4.835381e-05
270	0.8419177	0.8034296	0.6654158	0.6630166	0.6614991	0.6425748	0.6376751	0.006942058	0.001967043	0.0001193541	0.0001032127	9.508035e-05	6.195968e-05	5.395644e-05	5.263836e-05	4.753587e-05	4.721279e-05	4.694232e-05
271	0.8623699	0.8260507	0.7926391	0.6841543	0.682169	0.6819321	0.6670175	0.6628297	0.00717921	0.002031872	0.0001101616	9.567825e-05	8.831262e-05	5.712376e-05	4.955989e-05	4.849088e-05	4.370149e-05	4.356282e-05
272	0.1523612	0.1413717	0.1371729	0.1085333	0.02441064	0.02287463	0.0227618	0.01122556	0.007956346	0.007427618	0.002096817	9.528176e-05	8.29412e-05	7.677011e-05	4.923946e-05	4.250175e-05	4.167827e-05	3.741262e-05
273	0.1329811	0.111185	0.1041277	0.1014212	0.07976374	0.01422659	0.01315482	0.01309251	0.004850272	0.002515689	0.002228181	0.002168467	7.971218e-05	6.950863e-05	6.447061e-05	4.11948e-05	3.538927e-05	3.481121e-05
274	0.190148	0.08840754	0.07318526	0.0684116	0.0666668	0.05129969	0.008693759	0.007950906	0.007906198	0.001994132	0.000321838	0.0001155746	7.26638e-05	6.036519e-05	5.160832e-05	4.767741e-05	3.034913e-05	2.629979e-05
275	0.05196786	0.04977791	0.043183	0.03573282	0.03292151	0.03191586	0.02229546	0.004876473	0.004466336	0.004441252	0.001131185	0.0001840989	6.710239e-05	4.260621e-05	3.49233e-05	3.253718e-05	2.980567e-05	1.896707e-05
276	0.005634692	0.004405843	0.00429989	0.003312126	0.002656052	0.002434889	0.002363783	0.001516175	0.0003439714	0.0003117986	0.0003098092	8.03247e-05	1.386752e-05	5.599831e-06	3.839108e-06	3.121039e-06	2.952006e-06	2.783121e-06
277	0.01955364	0.002288304	0.001587059	0.001562811	0.0007606382	0.000580917	0.0005293944	0.000513278	0.0003167653	7.674424e-05	6.962422e-05	6.917318e-05	1.772209e-05	3.098996e-06	1.275558e-06	8.868381e-07	7.200465e-07	6.828427e-07
278	0.01757812	0.007350349	0.001596464	0.0009925378	0.0009883279	0.0001899304	0.0001129447	9.68794e-05	9.322317e-05	5.718349e-05	1.482261e-05	1.349754e-05	1.341357e-05	3.12342e-06	5.523675e-07	2.296716e-07	1.61907e-07	1.311973e-07
279	0.003147615	0.002898662	0.0008907661	5.99106e-06	3.47767e-06	3.409597e-06	9.893263e-07	6.968598e-07	6.227022e-07	6.005392e-07	4.464923e-07	1.081189e-07	9.83282e-08	9.774433e-08	2.385986e-08	3.721929e-09	1.259488e-09	7.471528e-10
280	0.04262823	0.002272525	0.002172703	5.835684e-05	1.311959e-06	9.421698e-07	8.814788e-07	5.340881e-07	4.214397e-07	3.855382e-07	3.725549e-07	3.16153e-07	7.304846e-08	6.642148e-08	6.604236e-08	1.65085e-08	2.401662e-09	6.787641e-10
281	0.08600033	0.02119789	0.000197368	0.0001482436	1.35834e-05	5.08791e-07	4.215899e-07	4.086635e-07	3.352097e-07	2.905727e-07	2.721901e-07	2.648504e-07	2.329948e-07	4.257295e-08	3.873994e-08	3.854403e-08	9.728654e-09	1.436972e-09
282	0.9216177	0.0799366	0.02071323	0.0001452592	9.735508e-05	9.224806e-06	4.499847e-07	3.884363e-07	3.753415e-07	3.348784e-07	2.962405e-07	2.786494e-07	2.717785e-07	2.403273e-07	4.229827e-08	3.849678e-08	3.830654e-08	9.697028e-09
283	0.9718761	0.9105768	0.07855738	0.02039125	0.0001203928	7.305867e-05	8.498592e-06	4.248687e-07	3.653809e-07	3.527005e-07	3.182572e-07	2.899572e-07	2.746232e-07	2.684643e-07	2.375275e-07	3.888221e-08	3.543265e-08	3.526941e-08
284	0.8592408	0.8497961	0.8485957	0.07577865	0.01999867	0.0001195826	7.296701e-05	7.874689e-06	3.986465e-07	3.405703e-07	3.287732e-07	2.960815e-07	2.815049e-07	2.692296e-07	2.641092e-07	2.336773e-07	3.356609e-08	3.064825e-08
285	0.8233609	0.7999107	0.797677	0.7971136	0.06987228	0.01724598	0.00010935	6.43912e-05	7.549805e-06	3.675901e-07	3.245146e-07	3.131663e-07	2.835477e-07	2.696052e-07	2.592395e-07	2.547976e-07	2.272797e-07	2.763326e-08
286	0.7268299	0.7256037	0.7086492	0.7073949	0.7068318	0.06382786	0.01603893	0.0001076329	6.786302e-05	7.711327e-06	3.651361e-07	3.237962e-07	3.135891e-07	2.848379e-07	2.711829e-07	2.619554e-07	2.578318e-07	2.312529e-07
287	0.8692671	0.6765229	0.675348	0.6674829	0.6663975	0.6661551	0.06016383	0.01514472	7.826985e-05	3.981632e-05	7.769039e-06	3.682031e-07	3.283919e-07	3.194138e-07	2.936607e-07	2.795062e-07	2.697805e-07	2.653715e-07
288	0.8966971	0.8433851	0.6372994	0.6360786	0.6290547	0.6279334	0.6276828	0.05680852	0.01437092	7.949127e-05	4.192845e-05	8.453672e-06	3.830312e-07	3.423466e-07	3.326125e-07	3.076044e-07	2.927948e-07	2.823319e-07
289	0.9577352	0.8705883	0.8219225	0.6027775	0.6015208	0.5960597	0.5949286	0.594667	0.05387636	0.01366945	8.005311e-05	4.353312e-05	8.85052e-06	3.868229e-07	3.45544e-07	3.35395e-07	3.103863e-07	2.958925e-07
290	0.8947314	0.8654638	0.8439416	0.7993483	0.5744533	0.573178	0.5676931	0.5665443	0.5662657	0.05136777	0.0130635	7.96561e-05	4.420895e-05	8.977978e-06	3.878454e-07	3.46826e-07	3.365082e-07	3.116621e-07
291	0.8539859	0.8282311	0.8012109	0.7833713	0.7434535	0.5458298	0.5445555	0.5392343	0.5380811	0.5377765	0.04879726	0.01241597	7.727542e-05	4.325732e-05	8.781696e-06	3.776013e-07	3.379954e-07	3.278273e-07
292	0.7901675	0.7834149	0.77308	0.74807	0.7320112	0.6944194	0.5073759	0.506325	0.5016661	0.5007552	0.5006257	0.04542487	0.01155896	7.269917e-05	4.085739e-05	8.293965e-06	3.554697e-07	3.183984e-07
293	0.8381735	0.7417034	0.7354342	0.7257038	0.7021169	0.6870222	0.6516324	0.4746571	0.4736654	0.4692729	0.4684139	0.4682923	0.04249587	0.01081656	6.846831e-05	3.857733e-05	7.829822e-06	3.350905e-07
294	0.9990389	0.8377067	0.7413297	0.7350704	0.7253433	0.7017302	0.6866191	0.6515084	0.4749535	0.4739627	0.4695736	0.4687148	0.468593	0.04252391	0.01082414	6.847082e-05	3.854507e-05	7.824758e-06
