#unpaired probabilities
 #i$	l=1	2	3	4	5	6	7	8	9	10	11	12	13	14	15	16	17	18	19	20	21	22	23	24	25	26	27	28	29	
1	0.9728091	NA	NA	NA	NA	NA	NA	NA	NA	NA	NA	NA	NA	NA	NA	NA	NA	NA	NA	NA	NA	NA	NA	NA	NA	NA	NA	NA	NA
2	0.9378949	0.9246918	NA	NA	NA	NA	NA	NA	NA	NA	NA	NA	NA	NA	NA	NA	NA	NA	NA	NA	NA	NA	NA	NA	NA	NA	NA	NA	NA
3	0.4846809	0.4710486	0.4626616	NA	NA	NA	NA	NA	NA	NA	NA	NA	NA	NA	NA	NA	NA	NA	NA	NA	NA	NA	NA	NA	NA	NA	NA	NA	NA
4	0.4396664	0.3409748	0.3311106	0.3244196	NA	NA	NA	NA	NA	NA	NA	NA	NA	NA	NA	NA	NA	NA	NA	NA	NA	NA	NA	NA	NA	NA	NA	NA	NA
5	0.06377403	0.04763542	0.03333756	0.03152897	0.03081502	NA	NA	NA	NA	NA	NA	NA	NA	NA	NA	NA	NA	NA	NA	NA	NA	NA	NA	NA	NA	NA	NA	NA	NA
6	0.04914526	0.01297705	0.01027841	0.008226033	0.008069736	0.007968737	NA	NA	NA	NA	NA	NA	NA	NA	NA	NA	NA	NA	NA	NA	NA	NA	NA	NA	NA	NA	NA	NA	NA
7	0.1563566	0.03096042	0.007903607	0.006159335	0.004771311	0.004624168	0.004550235	NA	NA	NA	NA	NA	NA	NA	NA	NA	NA	NA	NA	NA	NA	NA	NA	NA	NA	NA	NA	NA	NA
8	0.6665205	0.1529484	0.0303975	0.00774679	0.006020543	0.004654009	0.004503294	0.00442945	NA	NA	NA	NA	NA	NA	NA	NA	NA	NA	NA	NA	NA	NA	NA	NA	NA	NA	NA	NA	NA
9	0.2321336	0.1716659	0.06350294	0.01421578	0.003737639	0.002930064	0.00225276	0.002160397	0.002118458	NA	NA	NA	NA	NA	NA	NA	NA	NA	NA	NA	NA	NA	NA	NA	NA	NA	NA	NA	NA
10	0.3623019	0.1666944	0.1109376	0.05239685	0.01154433	0.003055054	0.002392234	0.001833822	0.001752804	0.001717652	NA	NA	NA	NA	NA	NA	NA	NA	NA	NA	NA	NA	NA	NA	NA	NA	NA	NA	NA
11	0.2926348	0.2199002	0.1385424	0.0925819	0.04452339	0.009672954	0.002542382	0.00199145	0.0015224	0.001449709	0.001419181	NA	NA	NA	NA	NA	NA	NA	NA	NA	NA	NA	NA	NA	NA	NA	NA	NA	NA
12	0.8625643	0.2816475	0.2109642	0.1342477	0.08939584	0.04282262	0.009190599	0.002470422	0.001936494	0.001481331	0.001410497	0.001380856	NA	NA	NA	NA	NA	NA	NA	NA	NA	NA	NA	NA	NA	NA	NA	NA	NA
13	0.1179012	0.1034829	0.06531052	0.04870537	0.03102194	0.02338652	0.01100775	0.002276778	0.0005977972	0.000451913	0.0003223457	0.0003007848	0.0002921132	NA	NA	NA	NA	NA	NA	NA	NA	NA	NA	NA	NA	NA	NA	NA	NA
14	0.1220009	0.06239453	0.05381252	0.03461616	0.0249349	0.01466203	0.009968972	0.004956116	0.00123912	0.0003139429	0.0002281625	0.0001555427	0.0001411835	0.0001355915	NA	NA	NA	NA	NA	NA	NA	NA	NA	NA	NA	NA	NA	NA	NA
15	0.1704166	0.1118986	0.05767519	0.0497125	0.0315596	0.02260762	0.01331793	0.009070637	0.004504925	0.0011373	0.0002873855	0.000208058	0.0001394458	0.0001255363	0.0001204871	NA	NA	NA	NA	NA	NA	NA	NA	NA	NA	NA	NA	NA	NA
16	0.3594254	0.1234523	0.07987916	0.04119423	0.03490823	0.02470985	0.01784567	0.01031579	0.007011841	0.003482684	0.0008997932	0.0002211648	0.0001556712	9.865087e-05	8.641399e-05	8.209289e-05	NA	NA	NA	NA	NA	NA	NA	NA	NA	NA	NA	NA	NA
17	0.9261431	0.3470032	0.1160562	0.07529325	0.03865345	0.03264159	0.02327447	0.01691646	0.009734145	0.006589166	0.003272132	0.0008439204	0.0002083366	0.0001456971	9.105889e-05	7.92361e-05	7.524392e-05	NA	NA	NA	NA	NA	NA	NA	NA	NA	NA	NA	NA
18	0.4276321	0.3900184	0.2918589	0.08317457	0.05303982	0.02974254	0.02517168	0.01868947	0.01354888	0.007613875	0.005060143	0.002552342	0.0006687476	0.0001592768	0.0001071543	6.257841e-05	5.204348e-05	4.86006e-05	NA	NA	NA	NA	NA	NA	NA	NA	NA	NA	NA
19	0.3308576	0.2181456	0.1841156	0.1105128	0.05553732	0.03675	0.01887842	0.01581585	0.01159721	0.008388935	0.004871773	0.003334929	0.001684199	0.0004458126	0.0001038023	6.784063e-05	3.804029e-05	3.081544e-05	2.853326e-05	NA	NA	NA	NA	NA	NA	NA	NA	NA	NA
20	0.2162885	0.08405495	0.07374482	0.07163547	0.01729377	0.01229762	0.00893553	0.004007552	0.003464532	0.002436933	0.001692508	0.0008989335	0.0006133445	0.0003102302	8.105477e-05	1.896896e-05	1.268555e-05	7.649259e-06	6.495743e-06	6.098721e-06	NA	NA	NA	NA	NA	NA	NA	NA	NA
21	0.4848412	0.1518042	0.03428983	0.02682261	0.02397682	0.01259673	0.009483057	0.007174911	0.00294693	0.002518841	0.001718975	0.001171195	0.0005935456	0.000406154	0.0002049498	5.313507e-05	1.240856e-05	8.407962e-06	5.253555e-06	4.556551e-06	4.303649e-06	NA	NA	NA	NA	NA	NA	NA	NA
22	0.5234179	0.4306972	0.1379249	0.02564952	0.0195707	0.01723244	0.007838368	0.005266973	0.003305956	0.002138774	0.001746549	0.001343863	0.000898824	0.0004363894	0.0003006031	0.00015149	3.905837e-05	9.087757e-06	6.202705e-06	3.979875e-06	3.502802e-06	3.320962e-06	NA	NA	NA	NA	NA	NA	NA
23	0.2236171	0.1978904	0.1295409	0.03202414	0.01175944	0.008933613	0.007586152	0.005002815	0.003504323	0.002146223	0.001320765	0.001155768	0.0008868179	0.0006331172	0.0003118027	0.0002140988	0.0001078931	2.743597e-05	6.405834e-06	4.45396e-06	3.037145e-06	2.759999e-06	2.641268e-06	NA	NA	NA	NA	NA	NA
24	0.6877952	0.2165153	0.1909603	0.1275835	0.03180908	0.01167727	0.00887299	0.007535701	0.004970343	0.00348114	0.002131392	0.001311589	0.00114772	0.0008807925	0.0006286721	0.0003092246	0.000212306	0.0001070036	2.724227e-05	6.354429e-06	4.415119e-06	3.006446e-06	2.730858e-06	2.613867e-06	NA	NA	NA	NA	NA
25	0.4248374	0.1544942	0.104318	0.08481914	0.03053148	0.01035624	0.006244009	0.00474894	0.00383881	0.002861542	0.002000568	0.001172933	0.0006985234	0.0006049696	0.0004636276	0.0003393831	0.0001974374	0.0001331387	6.691068e-05	1.640441e-05	4.070688e-06	2.971417e-06	2.277821e-06	2.182823e-06	2.118114e-06	NA	NA	NA	NA
26	0.2549956	0.2209973	0.0981045	0.05976882	0.04236534	0.02085818	0.008044027	0.005284314	0.003980927	0.003163374	0.00240564	0.001681139	0.0009620518	0.0005604846	0.0004816789	0.0003673345	0.0002708944	0.0001587189	0.0001086377	5.436912e-05	1.299261e-05	3.416996e-06	2.676427e-06	2.136231e-06	2.081206e-06	2.027956e-06	NA	NA	NA
27	0.2676616	0.234706	0.2044148	0.09092283	0.05504137	0.03817794	0.01952869	0.00758692	0.005079376	0.003817686	0.00302359	0.002295233	0.001600689	0.0009082805	0.000525162	0.0004500952	0.0003421553	0.0002522986	0.000147403	0.0001003614	5.032077e-05	1.197423e-05	3.285278e-06	2.595641e-06	2.084022e-06	2.036113e-06	1.987066e-06	NA	NA
28	0.2826536	0.2453121	0.2166134	0.1902793	0.08136632	0.04910017	0.03408467	0.01745702	0.006929014	0.004646732	0.003508425	0.002781286	0.002102336	0.001462221	0.0008237649	0.0004747565	0.0004066433	0.0003083867	0.0002271076	0.0001321849	8.988358e-05	4.512364e-05	1.083273e-05	2.978557e-06	2.355349e-06	1.883731e-06	1.841215e-06	1.802957e-06	NA
29	0.307348	0.2732342	0.2383626	0.2107236	0.1849521	0.07650761	0.04771681	0.03303477	0.01676347	0.006740169	0.004560325	0.003444665	0.002730898	0.002062643	0.001433811	0.0008064648	0.0004642345	0.000397451	0.0003013699	0.0002217996	0.0001291005	8.78027e-05	4.410492e-05	1.060015e-05	2.917893e-06	2.308144e-06	1.845259e-06	1.803809e-06	1.767222e-06
30	0.8624238	0.2065992	0.1722848	0.1435462	0.1148671	0.08825947	0.0690963	0.04216064	0.02879906	0.01582785	0.006349918	0.004282855	0.003242961	0.002579419	0.001940162	0.001345744	0.0007551763	0.0004374833	0.000376723	0.0002858063	0.0002103392	0.000121782	8.269449e-05	4.15143e-05	9.946819e-06	2.684088e-06	2.092619e-06	1.637305e-06	1.584531e-06
31	0.8751439	0.8478649	0.1948383	0.1610687	0.1328579	0.1043882	0.07804847	0.05914156	0.04070146	0.02769913	0.01518069	0.005886919	0.004191866	0.003175285	0.002526247	0.001897908	0.001315542	0.0007367947	0.0004265996	0.0003674256	0.0002787097	0.0002050883	0.0001186185	8.051013e-05	4.040398e-05	9.673518e-06	2.613211e-06	2.036908e-06	1.593025e-06
32	0.8824783	0.8705766	0.8440216	0.1927586	0.1593397	0.1313712	0.1030365	0.07740931	0.05864408	0.04033696	0.02747904	0.01508334	0.005847758	0.004163594	0.003153784	0.002509038	0.001884851	0.001306476	0.0007316698	0.0004236316	0.0003648695	0.0002767872	0.000203696	0.000117795	7.99468e-05	4.011994e-05	9.603212e-06	2.594998e-06	2.023205e-06
33	0.5400391	0.5075463	0.4873935	0.451922	0.1716177	0.1428278	0.1177259	0.09174237	0.06849681	0.05186974	0.03542023	0.02390093	0.01331901	0.005186993	0.003686465	0.002783692	0.002207438	0.001652562	0.001142136	0.0006337709	0.0003642161	0.0003130818	0.0002373307	0.0001754677	0.0001025061	6.94543e-05	3.484569e-05	8.311755e-06	2.290289e-06
34	0.5617261	0.5118481	0.4797517	0.4592241	0.4233102	0.1689196	0.1406244	0.1159275	0.09022819	0.06727243	0.05096915	0.03480899	0.02347572	0.01311186	0.005105724	0.003629835	0.002740336	0.002172772	0.00162571	0.001122821	0.0006217379	0.0003565091	0.0003061585	0.0002316677	0.0001721973	0.0001006727	6.816215e-05	3.41644e-05	8.156485e-06
35	0.6147911	0.546413	0.4977806	0.4658784	0.4456371	0.4098228	0.1661523	0.1383954	0.1140624	0.08867144	0.06601717	0.05005921	0.03420461	0.02308573	0.01291696	0.005027637	0.003574373	0.002698336	0.00213973	0.001600166	0.001104625	0.0006107782	0.0003497264	0.0003001179	0.0002267794	0.0001693688	9.904893e-05	6.703854e-05	3.359411e-05
36	0.9729616	0.6069461	0.538912	0.4906365	0.4588599	0.4386712	0.4029037	0.1650033	0.1374848	0.1132894	0.08803562	0.06551414	0.04968291	0.03395416	0.02293204	0.01284167	0.004997682	0.003552965	0.002682122	0.002126887	0.001590396	0.001097755	0.0006068168	0.0003474575	0.0002981757	0.0002253015	0.0001683285	9.843661e-05	6.66152e-05
37	0.9568996	0.9450561	0.5821086	0.5141304	0.4658775	0.4366988	0.4160563	0.3961507	0.1612839	0.1338716	0.1097268	0.08726688	0.06489037	0.04916419	0.03371783	0.02277825	0.01275907	0.004964555	0.003528977	0.00266362	0.002111947	0.00157969	0.001090255	0.0006025213	0.0003450305	0.000296091	0.0002237956	0.0001672233	9.77834e-05
38	0.118251	0.1140311	0.1105534	0.092591	0.0832861	0.07568966	0.07017006	0.06515393	0.06002357	0.0375071	0.0306011	0.02480459	0.01981728	0.01465009	0.01090563	0.007187828	0.004527651	0.002406353	0.000983791	0.0006959678	0.0005152004	0.0004061245	0.0003139529	0.0002201556	0.0001271967	7.306024e-05	6.204657e-05	4.793801e-05	3.54494e-05
39	0.1114454	0.08206236	0.07880711	0.07586855	0.06853539	0.06189616	0.05670705	0.05262291	0.04849386	0.04429646	0.03055003	0.02476108	0.0199743	0.0159848	0.01176794	0.008737244	0.005688208	0.00349345	0.001820606	0.0007543584	0.0005321386	0.0003905674	0.0003071027	0.0002405276	0.0001697217	9.969242e-05	5.736561e-05	4.857013e-05	3.785153e-05
40	0.1429773	0.1065727	0.07856535	0.07540757	0.07255319	0.0659192	0.05956745	0.05467455	0.05077197	0.04675734	0.04268452	0.02968911	0.02403738	0.0193749	0.0155075	0.0114075	0.008461809	0.005500356	0.003364178	0.001746524	0.0007242816	0.000511827	0.0003750966	0.0002948029	0.0002313822	0.0001634321	9.623891e-05	5.538413e-05	4.686492e-05
41	0.1141036	0.08321124	0.06123034	0.04396369	0.04195559	0.04019104	0.03617532	0.03231447	0.02903834	0.026652	0.02439699	0.02211306	0.01481871	0.01222317	0.01010286	0.008041169	0.005977203	0.004483315	0.002986202	0.001939129	0.001083351	0.0004383936	0.0003116821	0.0002348543	0.0001862724	0.0001421415	9.818971e-05	5.513396e-05	3.116919e-05
42	0.9049006	0.09139131	0.06452678	0.04711262	0.03342177	0.0319226	0.03076225	0.02753288	0.02447283	0.02183893	0.02003037	0.01847371	0.0169071	0.01133572	0.009451718	0.007921921	0.006283121	0.00469418	0.003541662	0.002390114	0.001599759	0.0009235945	0.0003709755	0.0002643935	0.0002016173	0.000160517	0.0001209618	8.270756e-05	4.537559e-05
43	0.9004039	0.8976906	0.08529429	0.05925781	0.04294543	0.03196046	0.03065556	0.02955126	0.02642512	0.02347374	0.02091873	0.01917924	0.01770121	0.0162153	0.01087595	0.009074464	0.007612076	0.006021728	0.004489042	0.003383425	0.002303829	0.001549557	0.0008994169	0.0003602364	0.0002571686	0.0001963661	0.0001564219	0.000117635	8.031371e-05
44	0.7049568	0.6929367	0.6890351	0.06478328	0.04984112	0.03667533	0.02726823	0.0261782	0.02520787	0.02250688	0.0199596	0.01781482	0.01635649	0.01505511	0.01376475	0.009392795	0.007814817	0.006539619	0.005111928	0.003750164	0.002849298	0.001933676	0.001297441	0.0007727652	0.0003060781	0.0002169365	0.0001646818	0.0001305991	9.758367e-05
45	0.7801394	0.6806704	0.6689341	0.6651401	0.06208975	0.04793563	0.03519674	0.02633698	0.02528506	0.02434176	0.02173158	0.01927098	0.01719918	0.01579349	0.01453299	0.01328674	0.00908194	0.007560885	0.006332248	0.004937377	0.003610599	0.002743993	0.00186403	0.001249732	0.0007463401	0.0002937358	0.000207781	0.0001571699	0.0001241482
46	0.8182951	0.7675786	0.6768629	0.6656916	0.6622868	0.0604314	0.04649412	0.0343071	0.0256668	0.02463785	0.02371703	0.02115698	0.01874752	0.01671942	0.01534955	0.01412329	0.01291372	0.008820527	0.00735154	0.00617176	0.004810919	0.003521173	0.002679082	0.001823442	0.001224764	0.0007332414	0.0002881127	0.0002038486	0.0001544073
47	0.9875393	0.8105423	0.7601355	0.6746431	0.6642345	0.661041	0.05964325	0.04581863	0.03381795	0.02532874	0.02431442	0.02340565	0.02087064	0.01848649	0.01650737	0.01515695	0.01394699	0.0127558	0.008713387	0.007263423	0.00609913	0.004749686	0.003473532	0.002644058	0.001801558	0.001212182	0.0007271659	0.0002855305	0.0002020235
48	0.989417	0.980212	0.8039384	0.7547117	0.672165	0.6621527	0.6590712	0.05778479	0.04400451	0.03348429	0.02508525	0.02408041	0.02317919	0.02065833	0.01828903	0.01636841	0.01503195	0.01383171	0.01265993	0.008643414	0.00720135	0.006043405	0.00469905	0.003428625	0.002604027	0.001766568	0.001180375	0.0006973569	0.000284188
49	0.9638923	0.9604462	0.9558539	0.7821669	0.7351286	0.6644464	0.6562405	0.654277	0.05392196	0.04066401	0.03094841	0.0231825	0.02224356	0.02139713	0.01901867	0.01684382	0.01502183	0.01376727	0.01263669	0.01154831	0.00784548	0.0064938	0.005410006	0.004250301	0.003150458	0.002398187	0.001636968	0.001101824	0.0006555624
50	0.3166806	0.3034277	0.2892303	0.2739463	0.2524816	0.1977124	0.1361737	0.1185926	0.1053609	0.04980837	0.03718249	0.02826304	0.0211096	0.02032294	0.0195543	0.01751603	0.01550707	0.01381694	0.01266679	0.0116163	0.01061296	0.007173148	0.006012256	0.005006188	0.003928606	0.002910975	0.002215394	0.0015123	0.001018798
51	0.289342	0.2664621	0.2532073	0.238974	0.2238737	0.2032486	0.1871619	0.128147	0.1117465	0.09904753	0.04381682	0.03572611	0.0271471	0.02025708	0.01950389	0.01876261	0.01679981	0.01487922	0.0132471	0.01213776	0.01117778	0.01021047	0.006902394	0.005781139	0.004821844	0.003780635	0.002798705	0.00213109	0.001456752
52	0.3907946	0.2880405	0.2655119	0.2523462	0.238188	0.2231595	0.2026062	0.1865813	0.1277644	0.11142	0.09877709	0.04359927	0.03553563	0.02701582	0.02015698	0.0194065	0.01866798	0.01671244	0.01479925	0.01317285	0.01206795	0.01111268	0.01015032	0.006860062	0.005747284	0.004796172	0.003760716	0.002784882	0.002121119
53	0.5840502	0.3780944	0.2819351	0.2595148	0.246303	0.2320831	0.2169876	0.1963623	0.1802553	0.1275036	0.1111979	0.09859301	0.04344624	0.03540493	0.02692115	0.02008569	0.01933716	0.01860027	0.01664978	0.01474166	0.01312467	0.01202294	0.01107055	0.01011127	0.00683334	0.005725288	0.004778115	0.00374584	0.002773517
54	0.9954452	0.582474	0.3770579	0.2813653	0.2590129	0.2458264	0.2316271	0.2165516	0.1959462	0.1798554	0.1273647	0.1110711	0.09847798	0.0433403	0.03530466	0.02687246	0.02004492	0.01929639	0.01855949	0.01661055	0.01470394	0.01310247	0.01200183	0.01105017	0.01009212	0.006822106	0.005715412	0.004769231	0.003737769
55	0.9848615	0.983292	0.5718708	0.3717956	0.2782562	0.2567777	0.2438528	0.2298883	0.2150564	0.1947025	0.1788155	0.1265544	0.1103776	0.0978979	0.04284865	0.03486128	0.0265261	0.01977107	0.01902481	0.01829008	0.01635692	0.01447137	0.01288069	0.01178629	0.01084046	0.009889365	0.00667269	0.005580326	0.004646129
56	0.2326544	0.2300386	0.2278279	0.09867192	0.07222501	0.06195551	0.0565241	0.05185836	0.04735392	0.04274294	0.03786881	0.03289524	0.02574853	0.02140861	0.01733485	0.01418013	0.01074255	0.008194674	0.006110526	0.005896253	0.005676581	0.005098113	0.004517713	0.004153794	0.003833998	0.003528659	0.003240196	0.002105361	0.001756408
57	0.1711619	0.1548545	0.1536911	0.1525384	0.05433075	0.04181164	0.03622295	0.03292426	0.03002822	0.02723891	0.02439439	0.02139963	0.01842694	0.01444255	0.01191468	0.00947795	0.007582538	0.006441666	0.004924971	0.003678196	0.003552339	0.003423494	0.003079909	0.002738593	0.00253101	0.002342493	0.002178318	0.002008545	0.00126534
58	0.589007	0.166042	0.1509437	0.149927	0.1489153	0.05257961	0.04043517	0.03506779	0.0319697	0.02925325	0.02663395	0.02395315	0.02112739	0.01827467	0.01435111	0.01183542	0.009408908	0.007521524	0.006383675	0.004880652	0.003644553	0.003518194	0.003388779	0.003050545	0.002713387	0.002506508	0.002318421	0.002154099	0.001984287
59	0.7969486	0.5745411	0.1621455	0.1482455	0.1474007	0.1465567	0.05062444	0.03878011	0.03380398	0.03089872	0.0283648	0.02591814	0.02340484	0.02075136	0.01802719	0.01419504	0.0117051	0.009300357	0.007430091	0.006302389	0.004812199	0.003593227	0.003466913	0.003337487	0.003005906	0.002674408	0.00247104	0.002284186	0.002120499
60	0.3027981	0.2890258	0.0992515	0.08511554	0.08230119	0.08361997	0.08484115	0.004905656	0.001429627	0.001087731	0.0009926107	0.0009142645	0.00080723	0.0007196961	0.0006381654	0.0005567632	0.0004824781	0.0004205536	0.0003611993	0.0003101568	0.0002842694	0.000248747	0.0002207328	0.0002212312	0.0002219239	0.0002170194	0.0002124687	0.0002117917	0.0002117353
61	0.2931613	0.2891828	0.285763	0.09705315	0.08384132	0.08120523	0.08256696	0.08388228	0.00419144	0.0008450398	0.0005685885	0.0005223906	0.0004836919	0.0004479278	0.0003990958	0.0003587902	0.0003185753	0.0002851943	0.0002581165	0.0002323177	0.0002075112	0.0001978409	0.0001830497	0.0001718861	0.0001741946	0.0001767044	0.000176644	0.0001769194	0.0001792315
62	0.03415695	0.01034678	0.006997345	0.005422201	0.001522077	0.001181352	0.001066697	0.001044382	0.001027687	0.0004222415	0.0003091402	0.0002720273	0.0002446109	0.0002197647	0.0001965084	0.0001720514	0.0001454058	0.0001195002	9.974269e-05	8.512534e-05	7.09686e-05	5.254758e-05	4.527651e-05	3.439034e-05	2.656224e-05	2.60307e-05	2.549458e-05	2.338334e-05	2.132521e-05
63	0.02110191	0.01436484	0.002571945	0.001387958	0.0008191478	0.0004359397	0.000342907	0.0002919314	0.000281686	0.0002714211	0.0001808891	0.0001335723	0.0001170756	0.0001040782	9.235638e-05	8.135251e-05	6.996172e-05	5.799819e-05	4.740173e-05	3.953478e-05	3.418192e-05	2.919782e-05	1.822926e-05	1.56841e-05	1.201308e-05	9.350273e-06	9.215574e-06	9.084221e-06	8.204336e-06
64	0.01837546	0.007929577	0.004955983	0.001270904	0.0005391678	0.0003103181	0.000232122	0.0001827377	0.0001527924	0.0001460517	0.0001393562	0.0001107256	7.963212e-05	6.933877e-05	6.071587e-05	5.302671e-05	4.575674e-05	3.825253e-05	3.031277e-05	2.408482e-05	1.996782e-05	1.798553e-05	1.612483e-05	7.636901e-06	6.503168e-06	5.08266e-06	3.917776e-06	3.873146e-06	3.831693e-06
65	0.6822883	0.01593087	0.007348699	0.004676629	0.0011412	0.0004642929	0.0002673183	0.000207633	0.0001641368	0.0001385373	0.0001324321	0.0001263657	0.0001011872	7.171552e-05	6.23318e-05	5.483789e-05	4.785973e-05	4.125874e-05	3.442525e-05	2.717956e-05	2.158919e-05	1.795283e-05	1.629637e-05	1.474794e-05	6.506865e-06	5.503353e-06	4.278271e-06	3.266078e-06	3.225684e-06
66	0.4942338	0.4725236	0.01431483	0.006745942	0.004350459	0.0009872257	0.0003785247	0.0002046258	0.0001667869	0.0001288725	0.0001062982	0.0001007515	9.521761e-05	7.522233e-05	6.36049e-05	5.543852e-05	4.891395e-05	4.283821e-05	3.714268e-05	3.117639e-05	2.48103e-05	1.988759e-05	1.668057e-05	1.521582e-05	1.384465e-05	5.787876e-06	4.861105e-06	3.740089e-06	2.835965e-06
67	0.235382	0.06575155	0.03898409	0.01375247	0.006501353	0.004241196	0.0009441139	0.0003610892	0.0001936964	0.0001574881	0.0001225153	0.0001010497	9.579302e-05	9.054961e-05	7.142172e-05	6.032951e-05	5.310367e-05	4.69286e-05	4.118215e-05	3.579715e-05	3.013573e-05	2.408446e-05	1.939943e-05	1.633595e-05	1.492849e-05	1.360978e-05	5.593977e-06	4.692488e-06	3.601353e-06
68	0.7287269	0.2115335	0.06208524	0.03745748	0.01267454	0.006448507	0.004216307	0.0009305318	0.0003514549	0.0001900938	0.0001550867	0.0001206568	9.945397e-05	9.424188e-05	8.903966e-05	7.044015e-05	5.954448e-05	5.24418e-05	4.632764e-05	4.063212e-05	3.529455e-05	2.968121e-05	2.367944e-05	1.903708e-05	1.601071e-05	1.461735e-05	1.331067e-05	5.302783e-06	4.405623e-06
69	0.7140415	0.550883	0.07865623	0.04032664	0.02336619	0.009555537	0.004984425	0.003424767	0.0006042433	0.0002224988	0.0001136068	8.923955e-05	7.044118e-05	5.92381e-05	5.657263e-05	5.392976e-05	4.264124e-05	3.600016e-05	3.2274e-05	2.916324e-05	2.629606e-05	2.365847e-05	2.1031e-05	1.811621e-05	1.570773e-05	1.392035e-05	1.290113e-05	1.192743e-05	4.179206e-06
70	0.7312204	0.6957898	0.5338975	0.06560315	0.03614798	0.0214193	0.0087683	0.004636195	0.003233979	0.0005269888	0.0001912467	9.639729e-05	7.562667e-05	6.00641e-05	5.081669e-05	4.8665e-05	4.652215e-05	3.685336e-05	3.123673e-05	2.81529e-05	2.560984e-05	2.331222e-05	2.117129e-05	1.903624e-05	1.662754e-05	1.462707e-05	1.310217e-05	1.221134e-05	1.136715e-05
71	0.8491207	0.7044161	0.6858334	0.5247443	0.05818418	0.03307162	0.01980784	0.008110533	0.004418155	0.003163907	0.0004990887	0.0001797488	9.033811e-05	7.080739e-05	5.636158e-05	4.779507e-05	4.581985e-05	4.385016e-05	3.477739e-05	2.952793e-05	2.667032e-05	2.432562e-05	2.220574e-05	2.023512e-05	1.82645e-05	1.602647e-05	1.416547e-05	1.273782e-05	1.190626e-05
72	0.7562144	0.7055133	0.6875995	0.6786974	0.5186125	0.05421396	0.03075555	0.01767958	0.006025585	0.00234475	0.001088703	0.000489415	0.0001733657	8.831349e-05	6.91011e-05	5.496322e-05	4.664313e-05	4.470864e-05	4.278096e-05	3.41211e-05	2.901157e-05	2.623311e-05	2.39621e-05	2.189572e-05	1.997606e-05	1.806206e-05	1.588362e-05	1.406394e-05	1.270551e-05
73	0.1719079	0.1302995	0.0991568	0.08768446	0.0802251	0.07560188	0.02855333	0.01856609	0.01194952	0.003613823	0.001250017	0.0004658679	0.0001823242	7.433462e-05	3.302804e-05	2.515368e-05	2.011196e-05	1.715004e-05	1.648255e-05	1.581502e-05	1.184207e-05	9.893772e-06	8.826895e-06	8.00357e-06	7.246193e-06	6.53634e-06	5.816404e-06	5.071808e-06	4.3126e-06
74	0.4959666	0.1040505	0.08534996	0.05891635	0.04809025	0.04071014	0.03579526	0.02655512	0.01730026	0.01159864	0.003444284	0.001163836	0.0004128843	0.0001603121	6.525992e-05	2.769316e-05	2.068097e-05	1.668255e-05	1.435964e-05	1.386415e-05	1.336985e-05	9.850928e-06	8.194605e-06	7.338567e-06	6.707488e-06	6.133099e-06	5.595468e-06	5.041353e-06	4.468005e-06
75	0.5722656	0.4932958	0.1025608	0.08437375	0.05818515	0.04747382	0.0401576	0.03528097	0.02610499	0.01715124	0.01149918	0.00337064	0.001154732	0.0004082789	0.0001582891	6.427565e-05	2.720424e-05	2.028514e-05	1.637595e-05	1.410851e-05	1.362697e-05	1.314673e-05	9.681884e-06	8.05397e-06	7.216541e-06	6.601871e-06	6.042732e-06	5.519472e-06	4.979306e-06
76	0.4232087	0.1747308	0.1128853	0.09784654	0.07989416	0.05401332	0.04344837	0.03612228	0.0312017	0.02208103	0.0132646	0.007606523	0.003359037	0.001149236	0.0004061637	0.0001570984	6.343084e-05	2.684366e-05	1.999181e-05	1.620354e-05	1.395579e-05	1.347743e-05	1.300033e-05	9.57926e-06	7.966864e-06	7.160006e-06	6.550212e-06	5.995545e-06	5.476447e-06
77	0.3921568	0.3626778	0.1648838	0.1065647	0.09261971	0.07574054	0.05060289	0.04081587	0.03401478	0.02945944	0.02084317	0.01261179	0.007242522	0.003198326	0.001105272	0.0003954362	0.0001521719	6.057513e-05	2.568697e-05	1.9098e-05	1.547393e-05	1.332422e-05	1.286623e-05	1.24092e-05	9.148845e-06	7.613249e-06	6.841691e-06	6.257654e-06	5.726801e-06
78	0.3759942	0.3547709	0.3340368	0.1459966	0.08921525	0.0753801	0.05872691	0.04959151	0.04002186	0.0333729	0.0289208	0.02045098	0.01240429	0.00712745	0.003149119	0.001087741	0.0003893847	0.0001490603	5.858597e-05	2.492933e-05	1.845807e-05	1.495999e-05	1.286948e-05	1.242307e-05	1.197798e-05	8.887152e-06	7.392681e-06	6.644785e-06	6.077095e-06
79	0.3174571	0.293934	0.2741999	0.2546856	0.1348947	0.08422596	0.07087101	0.0565988	0.0477838	0.03939699	0.03282758	0.02841168	0.02007196	0.0122716	0.007080557	0.003128038	0.001078575	0.0003846966	0.0001466269	5.68425e-05	2.431439e-05	1.799021e-05	1.456331e-05	1.251657e-05	1.207689e-05	1.16386e-05	8.653866e-06	7.197129e-06	6.465631e-06
80	0.332094	0.289438	0.2678772	0.2490615	0.230545	0.1282261	0.08034546	0.06737846	0.05414554	0.04551526	0.03737215	0.03094862	0.02658984	0.01956167	0.01201877	0.006958127	0.00307456	0.001058729	0.0003765788	0.0001429505	5.496548e-05	2.348558e-05	1.73365e-05	1.403563e-05	1.206419e-05	1.164108e-05	1.121986e-05	8.336997e-06	6.932143e-06
81	0.8318771	0.2942083	0.2582742	0.2412957	0.2240573	0.2092667	0.1222262	0.076296	0.06404816	0.05137193	0.04317282	0.03548687	0.02944286	0.02535161	0.01867723	0.01154205	0.006689764	0.002967585	0.001026758	0.0003689814	0.0001395368	5.304342e-05	2.269336e-05	1.672969e-05	1.354442e-05	1.16428e-05	1.123472e-05	1.082827e-05	8.053257e-06
82	0.9151402	0.8106415	0.2789153	0.2498486	0.2342095	0.2173142	0.2028678	0.1182508	0.07484977	0.06286248	0.05039771	0.04235746	0.0348304	0.02891501	0.02491338	0.01835976	0.01136881	0.006592563	0.002922424	0.001014864	0.0003656169	0.0001379744	5.214223e-05	2.232289e-05	1.644222e-05	1.331152e-05	1.144235e-05	1.104122e-05	1.06417e-05
83	0.5737022	0.5599563	0.5079631	0.2584349	0.2350654	0.2198303	0.2039991	0.1896744	0.1095269	0.07374885	0.06208687	0.04976294	0.04183989	0.03441161	0.02855057	0.0245808	0.01809265	0.01120923	0.006490847	0.002892948	0.001004786	0.0003626492	0.0001366083	5.139498e-05	2.196941e-05	1.615438e-05	1.31094e-05	1.127012e-05	1.087553e-05
84	0.6878914	0.535942	0.5239615	0.477825	0.2420222	0.2194764	0.2048448	0.1899169	0.1764499	0.1010944	0.06741292	0.05683872	0.04538279	0.03815751	0.03147265	0.02623472	0.02270854	0.0167952	0.01050133	0.006095666	0.002728806	0.0009559571	0.0003514163	0.0001316407	4.865749e-05	2.082303e-05	1.526465e-05	1.239373e-05	1.065981e-05
85	0.8310397	0.6032447	0.4744883	0.4642692	0.423624	0.2100491	0.1894891	0.1757857	0.1622243	0.1500965	0.08682208	0.05698344	0.04820434	0.03816545	0.03210968	0.0266577	0.02245492	0.01966692	0.01470723	0.009357083	0.00545694	0.002463686	0.0008770342	0.0003332122	0.0001235766	4.420249e-05	1.896187e-05	1.382004e-05	1.123159e-05
86	0.790117	0.7633262	0.5514063	0.42898	0.4200323	0.3826912	0.1871813	0.1677038	0.1547735	0.1423974	0.1314039	0.07521972	0.04831286	0.04102887	0.03216453	0.0270838	0.02264951	0.01929918	0.01711811	0.01294574	0.008395749	0.004920236	0.002241018	0.0008108706	0.0003180691	0.0001168651	4.048558e-05	1.741362e-05	1.261958e-05
87	0.7602284	0.7406372	0.7165059	0.5162076	0.3999657	0.3918026	0.3565204	0.1730322	0.1542	0.1417831	0.1301577	0.1198747	0.06767238	0.04267177	0.03630779	0.02818969	0.02382234	0.02006695	0.01724855	0.01543961	0.01178241	0.007780835	0.004581405	0.002100738	0.0007690472	0.0003083099	0.0001124785	3.800821e-05	1.640027e-05
88	0.7652156	0.7226415	0.7049864	0.6815235	0.4957076	0.381507	0.3737992	0.3398454	0.1640902	0.1456244	0.1335148	0.1223417	0.1124856	0.06266367	0.03875484	0.03295289	0.02546477	0.02180077	0.01846831	0.01597487	0.01439166	0.0110531	0.007393204	0.00436355	0.002015013	0.0007435022	0.0003023077	0.0001097416	3.642638e-05
89	0.7779354	0.7368376	0.6966552	0.6796896	0.6565067	0.4842475	0.371233	0.3637303	0.3305228	0.1592099	0.1409318	0.1289749	0.1180336	0.1083907	0.05994	0.03681207	0.03129073	0.02418821	0.02079053	0.01768203	0.01534862	0.01387641	0.01069374	0.007203168	0.004258302	0.00197016	0.0007303884	0.0002991246	0.0001082624
90	0.8574577	0.7461088	0.7064581	0.6668229	0.6500994	0.6271145	0.4705689	0.3587948	0.3513104	0.3183269	0.1562441	0.1381419	0.1262967	0.1155249	0.105972	0.05815542	0.03572402	0.0303048	0.0233709	0.02041034	0.01738155	0.01510659	0.0136743	0.0105477	0.007126796	0.004216623	0.001952374	0.0007242354	0.0002969485
91	0.8970305	0.8287895	0.7194611	0.6805206	0.6410391	0.6243867	0.6013709	0.4528164	0.342284	0.3347366	0.3022892	0.1520597	0.1341218	0.1223603	0.1117689	0.1022747	0.05515153	0.03417893	0.02883788	0.02274305	0.01995354	0.01705221	0.01481484	0.01339823	0.01033305	0.007003755	0.004167055	0.001930098	0.0007157031
92	0.6190601	0.5695283	0.5058984	0.4020197	0.3671582	0.3375548	0.3281161	0.3120265	0.2199947	0.1633054	0.1608938	0.1499315	0.06997639	0.0602077	0.05690909	0.05178471	0.04701074	0.03112532	0.02195805	0.01845358	0.01547244	0.01367962	0.01172314	0.01017145	0.009132531	0.007660193	0.005453927	0.003289423	0.001434472
93	0.6844437	0.6142731	0.5648115	0.5012406	0.3974278	0.3626001	0.3330771	0.3237197	0.307675	0.2173531	0.1609236	0.1585402	0.1477264	0.06908613	0.05936925	0.05611775	0.05105101	0.04631861	0.03062029	0.02155624	0.01823674	0.01532792	0.0135624	0.01162674	0.01008784	0.009056766	0.007599081	0.005416302	0.003267542
94	0.6632182	0.6226912	0.5861199	0.5366623	0.474482	0.372936	0.3386669	0.3099498	0.3010855	0.2964234	0.2107125	0.1545393	0.1521724	0.1456522	0.0682107	0.05854325	0.05537851	0.0503972	0.04571855	0.03023926	0.02128884	0.01800911	0.01514562	0.01340293	0.01149145	0.009971812	0.008953952	0.007514832	0.005358822
95	0.7561453	0.601191	0.5706326	0.546334	0.4971848	0.4390664	0.3426185	0.3095413	0.2809437	0.272019	0.2672647	0.2037062	0.1488916	0.1466385	0.1403593	0.06616082	0.05662327	0.05357223	0.04871997	0.04410258	0.02942635	0.02085021	0.0176144	0.01482171	0.0131067	0.01137715	0.009878466	0.008875041	0.007453039
96	0.3454375	0.2144741	0.1884068	0.1771655	0.1651419	0.1387079	0.1333411	0.1298809	0.1254567	0.1219389	0.1186881	0.1165277	0.08782135	0.08066921	0.07958457	0.07548206	0.03988589	0.03223878	0.03074426	0.02862105	0.02673412	0.01812668	0.01363713	0.01134124	0.009426734	0.007970161	0.006509156	0.005216143	0.004281567
97	0.3469304	0.3062603	0.1760712	0.1558661	0.1449338	0.1340622	0.1251996	0.1232129	0.1210208	0.1196809	0.1167873	0.1137398	0.1116467	0.08443088	0.07750983	0.0764707	0.07253821	0.03848787	0.03138731	0.02994468	0.02788136	0.02603313	0.01780813	0.01344261	0.01118095	0.009300499	0.007859058	0.006415121	0.005134721
98	0.5763821	0.3056527	0.2753819	0.1459972	0.1271059	0.1168798	0.1099051	0.1078355	0.1061779	0.1046617	0.1034216	0.100597	0.09755119	0.09537399	0.07217487	0.06589122	0.064782	0.06082051	0.03244756	0.03078593	0.02940394	0.02745479	0.02564441	0.01759856	0.01330902	0.0110683	0.009206758	0.007774942	0.006339786
99	0.6174356	0.5092094	0.269664	0.2451137	0.1169039	0.1062623	0.09789943	0.09220711	0.09093582	0.08965655	0.08838831	0.08734658	0.08493612	0.08226948	0.08031698	0.06121667	0.05584284	0.05489862	0.05126307	0.02813195	0.02693512	0.0258952	0.02421241	0.02262104	0.01554632	0.01184906	0.00988271	0.00825239	0.006948322
100	0.5244273	0.4375809	0.34527	0.1278057	0.1066572	0.1026386	0.09414337	0.08729566	0.08223777	0.08134613	0.0802043	0.07907013	0.07814032	0.07608826	0.07377168	0.07202986	0.05500394	0.05011844	0.04926133	0.04590165	0.02544228	0.02438733	0.0234629	0.02198698	0.02055052	0.0140824	0.01076662	0.0089562	0.007471546
101	0.6933443	0.5081305	0.4283951	0.338369	0.1223319	0.1016899	0.09771713	0.09242183	0.0857043	0.08076756	0.0798933	0.07877319	0.07766034	0.07674764	0.07473359	0.07245765	0.0707449	0.05404256	0.04923328	0.04838484	0.04507724	0.0250477	0.02400899	0.02309849	0.02164538	0.02022696	0.01386885	0.01061177	0.008825919
102	0.09996115	0.09518012	0.05573794	0.04064393	0.02805528	0.02096465	0.01715122	0.01624273	0.01522285	0.01417486	0.01318778	0.01294521	0.0126453	0.01234483	0.01208478	0.01174532	0.01142731	0.01114786	0.00812608	0.007330654	0.007240038	0.006293061	0.003299868	0.003154178	0.003028979	0.002868558	0.002743248	0.001258684	0.0006503521
103	0.1172563	0.09530729	0.09076035	0.05289823	0.03836105	0.02671491	0.02011121	0.01650397	0.01562846	0.01463901	0.01362927	0.01269542	0.01246079	0.01217023	0.01187894	0.01162717	0.01129836	0.01098892	0.01071586	0.00779935	0.007033968	0.006947283	0.00603079	0.003148544	0.003008171	0.002887524	0.002733978	0.002613051	0.001175934
104	0.8620314	0.1133578	0.09405968	0.0895849	0.05234164	0.03793581	0.02639565	0.01986997	0.01639146	0.01551992	0.01453489	0.01353048	0.01261341	0.01237975	0.01209036	0.01180021	0.01154941	0.01122238	0.01091469	0.01064288	0.00774439	0.006983725	0.006897731	0.005984207	0.003124437	0.002985028	0.002865208	0.002712985	0.002593118
105	0.9197146	0.8529662	0.1055342	0.08637673	0.08183454	0.04936549	0.03608875	0.02630672	0.01983047	0.01636512	0.01549476	0.01451199	0.01350914	0.01259389	0.01236055	0.01207151	0.01178169	0.0115312	0.01120458	0.01089724	0.01062566	0.007731733	0.006972184	0.00688635	0.005973361	0.003119324	0.002980173	0.002860573	0.002708659
106	0.5402661	0.4649585	0.4050042	0.09575012	0.07755123	0.07306143	0.04435671	0.03367075	0.02456454	0.01895422	0.01562073	0.01478445	0.01385193	0.01290167	0.01202705	0.01180196	0.01152179	0.01124058	0.0109975	0.01068293	0.01038643	0.01012203	0.007360175	0.006632475	0.006551761	0.005651792	0.002960684	0.002829646	0.002717025
107	0.9729981	0.5282449	0.459301	0.4020283	0.09378065	0.07563272	0.07113094	0.0437212	0.03316763	0.02448855	0.01890871	0.01558826	0.01475327	0.01382494	0.01287664	0.01200454	0.01177981	0.01150003	0.01121919	0.01097644	0.01066234	0.01036624	0.01010212	0.007345616	0.006619177	0.006538633	0.005639199	0.00295482	0.002824078
108	0.9851241	0.9692896	0.5246696	0.4577304	0.4008149	0.09330712	0.075213	0.07071719	0.04351163	0.03305406	0.02441087	0.01886117	0.01555004	0.01471669	0.01379244	0.01284642	0.01197716	0.01175289	0.01147365	0.01119335	0.01095106	0.01063769	0.01034237	0.01007887	0.007328902	0.006604059	0.006523702	0.005625408	0.00294843
109	0.2189638	0.2122168	0.2011419	0.1944211	0.1436709	0.1230648	0.04678099	0.03723782	0.0350873	0.01938032	0.01438761	0.01062128	0.008307779	0.007124803	0.006709022	0.006339783	0.005959398	0.005540408	0.005423162	0.005276939	0.00512798	0.004996115	0.004876289	0.004809806	0.004737756	0.003506173	0.00316585	0.003128171	0.00256556
110	0.118625	0.1135469	0.110339	0.1025987	0.100794	0.05412955	0.04523617	0.01542153	0.01241959	0.01192731	0.007291861	0.005501564	0.004027937	0.00319739	0.002797731	0.002644144	0.002475127	0.002346075	0.002185486	0.002140103	0.002083824	0.002027738	0.001973639	0.001927481	0.001905589	0.001887575	0.001430825	0.001304235	0.001289101
111	0.09774932	0.08009854	0.07888794	0.07760255	0.07134251	0.07090132	0.02716327	0.0220359	0.005551793	0.004764517	0.004710539	0.002652783	0.002019778	0.001405521	0.001201524	0.001091134	0.001050047	0.0009685915	0.0009298591	0.0008850203	0.0008748972	0.0008584596	0.0008416616	0.0008249486	0.0008096538	0.0008010119	0.000794333	0.0006504517	0.000615533
112	0.09538124	0.07940644	0.07076434	0.06989072	0.06873359	0.06347675	0.06307446	0.02479149	0.02000808	0.00500233	0.004326428	0.004280526	0.002444948	0.00187274	0.001317994	0.001131006	0.001030419	0.0009908698	0.0009109438	0.0008735071	0.0008318155	0.0008219244	0.0008058522	0.0007894142	0.0007730299	0.0007579992	0.0007493492	0.0007426433	0.0006041755
113	0.1470276	0.09449749	0.0788793	0.07034513	0.06950126	0.0683524	0.06310478	0.06270359	0.0244407	0.01969712	0.004866701	0.004196983	0.004150955	0.002374421	0.001832332	0.001290762	0.001124925	0.001025159	0.0009857612	0.0009060333	0.0008687754	0.0008273028	0.0008174279	0.0008013865	0.0007849783	0.0007686179	0.000753622	0.0007449951	0.0007383022
114	0.9869973	0.1394539	0.09215616	0.07700921	0.0688148	0.06804181	0.06691213	0.06168336	0.06129647	0.02304517	0.01869936	0.00457075	0.003959095	0.003916091	0.002227087	0.001724546	0.001217625	0.001065643	0.0009764463	0.0009396418	0.0008627433	0.0008284086	0.0007889282	0.0007793027	0.0007636124	0.0007475092	0.0007313285	0.0007163765	0.000707627
115	0.9333358	0.925655	0.1286426	0.08940675	0.07502912	0.0673818	0.06670234	0.0655994	0.06039749	0.06003154	0.02180116	0.01768967	0.00422716	0.003655962	0.00361772	0.002024959	0.001564924	0.001094545	0.0009620341	0.0008923264	0.0008642105	0.0007959359	0.0007702567	0.0007355761	0.0007273957	0.0007131516	0.0006984258	0.0006835206	0.0006700549
116	0.9699659	0.9153564	0.9117955	0.1185645	0.08264309	0.0698011	0.06501926	0.06445413	0.06338637	0.05834188	0.05804461	0.01982673	0.01648016	0.003822246	0.003291373	0.00325901	0.001773284	0.001360129	0.0009280895	0.0008138413	0.0007569039	0.000734244	0.0007136618	0.0006942045	0.0006664019	0.000660352	0.0006480949	0.0006352947	0.0006222769
117	0.9227798	0.923882	0.8709453	0.8690135	0.07758547	0.06054672	0.05527132	0.05118729	0.05106498	0.05076164	0.04585619	0.04560897	0.00731989	0.004876456	0.001761564	0.001543184	0.001514096	0.0009680279	0.0007313375	0.0005694738	0.0004960071	0.0004470556	0.0004271984	0.0004081489	0.0003903656	0.0003654463	0.0003572124	0.0003428991	0.0003280172
118	0.9523707	0.9219011	0.9231125	0.8702384	0.8683574	0.07697735	0.06007069	0.05500805	0.05096666	0.05085997	0.05056135	0.04565933	0.04541372	0.007125056	0.004694796	0.001664583	0.001459431	0.00143059	0.0009253702	0.0006969493	0.0005470546	0.0004764205	0.000428424	0.0004086448	0.0003896261	0.0003718181	0.0003470594	0.0003387021	0.0003242659
119	0.9503394	0.9371389	0.9171001	0.9188718	0.866166	0.8644377	0.07319537	0.05646527	0.05155625	0.05075709	0.05066165	0.05036593	0.04546946	0.04522692	0.006939544	0.00454752	0.001615448	0.001416863	0.001388788	0.0008976254	0.0006754492	0.0005301695	0.0004617015	0.0004166503	0.0003975222	0.0003797951	0.0003626553	0.0003387093	0.000330605
120	0.8674845	0.861086	0.8542941	0.8442289	0.8475258	0.8510451	0.8540736	0.06370542	0.04784678	0.04373091	0.0431624	0.04320226	0.04346363	0.04369473	0.04382722	0.0055639	0.003341012	0.001173316	0.001018854	0.0009956219	0.0006269651	0.0004599665	0.0003549331	0.0003067943	0.0002826186	0.0002728515	0.0002641261	0.0002557874	0.0002438933
121	0.9338929	0.8541953	0.8522795	0.8496914	0.8414024	0.8449453	0.8487214	0.8520361	0.06180073	0.04663707	0.04275606	0.0422918	0.04236216	0.04262921	0.04287015	0.04304903	0.004794233	0.002813516	0.0009911732	0.0008547184	0.0008328631	0.0005312355	0.0003933538	0.0003059978	0.0002660003	0.0002463714	0.0002385281	0.0002317032	0.000225058
122	0.06560628	0.05770421	0.04354794	0.0375366	0.03170252	0.0269686	0.0242063	0.02181733	0.01926134	0.01703484	0.007360998	0.003872646	0.003329715	0.003158184	0.003103736	0.003035806	0.002981284	0.002935495	0.001364204	0.0005284614	0.0004343181	0.0004159497	0.0002713332	0.0002014478	0.0001519897	0.0001281549	0.0001153503	0.0001095927	0.0001048615
123	0.03685619	0.0236745	0.01988474	0.01620409	0.01415977	0.01108185	0.008879307	0.007596618	0.006612249	0.005699128	0.004721753	0.003185874	0.001688746	0.001315146	0.001178995	0.001126834	0.001072658	0.00102158	0.0009736519	0.0008218164	0.0003378766	0.0002675676	0.0002528008	0.00016614	0.0001224341	9.215132e-05	7.729991e-05	6.868619e-05	6.434028e-05
124	0.05784626	0.03050282	0.01997656	0.01668655	0.01346787	0.01170777	0.009383418	0.007478261	0.006370113	0.005555907	0.004817796	0.003997069	0.002718493	0.001490479	0.001160898	0.001039734	0.0009932554	0.0009454307	0.0009000222	0.0008571843	0.0007245021	0.0002998609	0.0002373084	0.0002241488	0.0001472224	0.0001084275	8.151411e-05	6.854748e-05	6.094428e-05
125	0.04086726	0.02147548	0.01208144	0.008393207	0.007056228	0.005827499	0.00506112	0.003906564	0.002967296	0.002323246	0.00199286	0.001657053	0.001311405	0.0008643092	0.0004377913	0.0003458387	0.0003131782	0.0003008889	0.0002870669	0.0002746699	0.0002635442	0.0002152636	8.575603e-05	6.876332e-05	6.454158e-05	4.242649e-05	3.14866e-05	2.355401e-05	1.982856e-05
126	0.05513796	0.0171019	0.01129575	0.006787623	0.004538705	0.003857341	0.003238713	0.002843184	0.002079969	0.001500017	0.001067559	0.000891545	0.000689616	0.0005001709	0.0003014868	0.0001123722	8.992219e-05	8.318144e-05	8.075132e-05	7.715285e-05	7.442344e-05	7.24272e-05	5.410825e-05	1.966699e-05	1.615052e-05	1.552614e-05	1.037286e-05	7.884554e-06	5.738981e-06
127	0.6599847	0.04023347	0.01292255	0.008902197	0.005755922	0.003804532	0.003243841	0.002744057	0.002430858	0.001745546	0.001250814	0.0008753943	0.0007251085	0.0005474163	0.0003857064	0.000221992	6.571476e-05	5.259924e-05	4.932809e-05	4.818582e-05	4.597988e-05	4.452509e-05	4.36967e-05	3.032171e-05	1.035078e-05	8.715282e-06	8.461608e-06	5.718842e-06	4.419096e-06
128	0.6089592	0.595019	0.02876798	0.008983404	0.006064837	0.003348181	0.00266692	0.002285582	0.001990261	0.001821709	0.001268394	0.0009473987	0.0007067832	0.0005871797	0.0004447908	0.0003224751	0.0001799181	4.231322e-05	3.303721e-05	3.114976e-05	3.050337e-05	2.892684e-05	2.800378e-05	2.761072e-05	1.789038e-05	6.695582e-06	5.814731e-06	5.675066e-06	3.828844e-06
129	0.2808499	0.2282916	0.2129287	0.0245279	0.008204639	0.00562067	0.003004074	0.002388657	0.002124022	0.001858513	0.001713729	0.001182681	0.0008900984	0.0006712892	0.000558015	0.000422698	0.0003076381	0.0001703442	3.76066e-05	2.910337e-05	2.747647e-05	2.691841e-05	2.545337e-05	2.466003e-05	2.433671e-05	1.527873e-05	5.893068e-06	5.147729e-06	5.02975e-06
130	0.6313035	0.2612073	0.2196226	0.2061026	0.02318661	0.007804157	0.005409331	0.002888151	0.002331115	0.002075767	0.00182368	0.00168514	0.00115965	0.0008739437	0.0006594724	0.0005483087	0.0004144363	0.0003008536	0.0001657803	3.450307e-05	2.638638e-05	2.490444e-05	2.438876e-05	2.300995e-05	2.227367e-05	2.19787e-05	1.382502e-05	5.340991e-06	4.66098e-06
131	0.5806809	0.572062	0.2070553	0.1770335	0.1655775	0.01914616	0.006019472	0.004193036	0.00187266	0.001546252	0.001423104	0.001311055	0.001246095	0.000775405	0.0006304346	0.0005248445	0.0004418253	0.0003415225	0.0002613405	0.0001434386	2.849873e-05	2.155118e-05	2.031686e-05	1.988487e-05	1.879217e-05	1.8197e-05	1.79469e-05	1.111644e-05	4.300334e-06
132	0.0877794	0.08091583	0.07569023	0.06607942	0.04900855	0.04103912	0.009728046	0.004268977	0.00309331	0.0009542986	0.0007910681	0.0007205855	0.000652028	0.000611032	0.0005694992	0.0004733064	0.0004034654	0.0003382309	0.0002578878	0.0001988119	0.0001081796	1.968394e-05	1.472242e-05	1.393902e-05	1.365279e-05	1.282618e-05	1.237452e-05	1.219562e-05	6.842578e-06
133	0.1081681	0.08229224	0.07596523	0.07093899	0.0619273	0.04567677	0.03787994	0.007822217	0.002499323	0.001407035	0.0009368924	0.0007843508	0.0007152726	0.0006481848	0.0006080808	0.0005671202	0.0004718469	0.0004024276	0.0003373528	0.0002571147	0.0001981504	0.0001076974	1.933446e-05	1.44152e-05	1.364817e-05	1.336576e-05	1.254337e-05	1.209426e-05	1.191686e-05
134	0.905254	0.09906276	0.07681205	0.07215385	0.06726827	0.05891003	0.04350114	0.0358829	0.007470444	0.002400811	0.001357227	0.0009065845	0.0007639275	0.0006982324	0.000635273	0.0005986589	0.000558889	0.0004663834	0.0003990715	0.0003344441	0.0002547041	0.0001962962	0.0001064134	1.841514e-05	1.359339e-05	1.28611e-05	1.258756e-05	1.178287e-05	1.134569e-05
135	0.7036174	0.6851397	0.06518937	0.05691382	0.05378961	0.05165259	0.04527272	0.03391504	0.02739621	0.005404263	0.001532015	0.0007203597	0.0003593732	0.0002923482	0.0002596511	0.0002287399	0.000208794	0.0001869081	0.0001483885	0.0001214612	0.0001020816	7.942523e-05	6.201647e-05	3.516069e-05	1.179348e-05	1.02036e-05	9.880795e-06	9.765749e-06	9.120416e-06
136	0.67118	0.6172989	0.605444	0.04652319	0.03965863	0.0371594	0.03520277	0.03080471	0.02170348	0.01579143	0.002812613	0.0007412306	0.0003917658	0.0002412028	0.0001883977	0.0001632445	0.0001389925	0.0001224269	0.0001042521	7.80108e-05	5.944035e-05	4.944887e-05	3.848305e-05	2.927988e-05	1.726475e-05	6.699098e-06	5.753594e-06	5.50694e-06	5.419778e-06
137	0.5996991	0.5603808	0.5179765	0.5094371	0.03508686	0.02981427	0.02783801	0.02653753	0.02329144	0.01573189	0.0102615	0.001755852	0.000455605	0.0002707822	0.0001831855	0.0001389943	0.0001184132	9.83919e-05	8.429842e-05	6.971111e-05	4.95838e-05	3.493503e-05	2.896064e-05	2.22358e-05	1.619709e-05	9.877701e-06	3.975886e-06	3.390652e-06	3.226213e-06
138	0.5261798	0.4477936	0.4246938	0.3817897	0.3726617	0.03372873	0.0287637	0.02681714	0.0255332	0.02256773	0.01508124	0.009637023	0.001705701	0.0004442429	0.0002652959	0.0001802825	0.0001368036	0.0001165644	9.690943e-05	8.306258e-05	6.867225e-05	4.888074e-05	3.44809e-05	2.857998e-05	2.193249e-05	1.597934e-05	9.73029e-06	3.89047e-06	3.320243e-06
139	0.7149272	0.5133399	0.4421451	0.4203314	0.3781122	0.3691641	0.03310055	0.02827746	0.02634254	0.02506233	0.02213488	0.01485052	0.00945654	0.001671258	0.0004321999	0.0002590007	0.0001758105	0.0001332366	0.000113531	9.449102e-05	8.105285e-05	6.695465e-05	4.783104e-05	3.394067e-05	2.814549e-05	2.162309e-05	1.580769e-05	9.618757e-06	3.823794e-06
140	0.4609263	0.4097868	0.3971584	0.343652	0.3395478	0.3034101	0.3019249	0.01729019	0.01499934	0.01412043	0.01351689	0.01221511	0.007116148	0.003174261	0.0005878998	0.000136326	7.90738e-05	4.440221e-05	3.536577e-05	3.116227e-05	2.705858e-05	2.418625e-05	1.897108e-05	1.446115e-05	1.135636e-05	9.564083e-06	7.51188e-06	5.820354e-06	3.497922e-06
141	0.3530282	0.3517005	0.346712	0.3446939	0.2940076	0.2939853	0.259012	0.2594724	0.004452565	0.002896243	0.002277574	0.001779738	0.001248887	0.0006385356	0.0004004382	8.650904e-05	3.775858e-05	2.855676e-05	8.6609e-06	6.864317e-06	6.238534e-06	5.481102e-06	5.131984e-06	2.703047e-06	2.14711e-06	1.762982e-06	1.47882e-06	1.169981e-06	9.184708e-07
142	0.3381999	0.318818	0.3173563	0.3125072	0.3103349	0.2933868	0.293548	0.2585844	0.2590562	0.004310595	0.002764743	0.002147139	0.001649408	0.001122741	0.0005878432	0.0003628599	6.499203e-05	1.826006e-05	1.087278e-05	7.972875e-06	6.705321e-06	6.110684e-06	5.387349e-06	5.061734e-06	2.641128e-06	2.103687e-06	1.732407e-06	1.452215e-06	1.147981e-06
143	0.774075	0.328538	0.3098984	0.3085002	0.3037086	0.3016599	0.2925223	0.2928703	0.2582924	0.2587799	0.004277402	0.002734839	0.00211854	0.001621606	0.001098877	0.0005765566	0.000354215	6.366911e-05	1.792885e-05	1.068738e-05	7.84127e-06	6.654026e-06	6.068776e-06	5.357313e-06	5.038143e-06	2.620689e-06	2.088612e-06	1.720698e-06	1.441987e-06
144	0.8716069	0.7357406	0.3048067	0.2870965	0.2860593	0.2816495	0.2802699	0.2786155	0.2789568	0.2576419	0.2581906	0.004144785	0.002614784	0.002004246	0.001510103	0.0009996632	0.0005248487	0.0003115962	5.668898e-05	1.622811e-05	9.854248e-06	7.301944e-06	6.379229e-06	5.840124e-06	5.200588e-06	4.914044e-06	2.512867e-06	2.009327e-06	1.658641e-06
145	0.9309272	0.8386535	0.7044647	0.2844105	0.2674925	0.2666677	0.2627732	0.2626113	0.2621284	0.2624641	0.256827	0.2574346	0.003911335	0.002415868	0.00182138	0.0013381	0.0008713059	0.0004639404	0.0002724109	5.026041e-05	1.471231e-05	9.108313e-06	6.844173e-06	6.005643e-06	5.516605e-06	5.025978e-06	4.77096e-06	2.395896e-06	1.924651e-06
146	0.8629005	0.8310477	0.7965319	0.6838226	0.273453	0.257595	0.2571686	0.2543715	0.2543443	0.2547556	0.2553548	0.2558966	0.2565753	0.00369191	0.002239975	0.001665701	0.001195095	0.0007698051	0.0004072149	0.0002336471	4.204738e-05	1.193373e-05	7.34333e-06	5.486139e-06	4.866352e-06	4.509187e-06	4.18384e-06	3.999666e-06	1.688816e-06
147	0.03374391	0.0329499	0.03187376	0.02316454	0.02173192	0.005902766	0.004026096	0.00348477	0.001998067	0.001826455	0.001665486	0.00147148	0.001356749	0.001250703	0.0004043052	0.0001840973	0.0001592374	0.0001432724	0.0001182064	7.943709e-05	6.875127e-05	1.340105e-05	4.404891e-06	2.924301e-06	2.299033e-06	1.912441e-06	1.672368e-06	1.440833e-06	1.311989e-06
148	0.1061171	0.03003884	0.02929518	0.02852167	0.01998606	0.01878467	0.004676066	0.003407535	0.002931546	0.001558088	0.001409757	0.001282909	0.001115197	0.001018425	0.000925083	0.0001938103	0.0001549031	0.0001355339	0.0001238545	0.0001035559	7.071196e-05	6.207858e-05	1.227804e-05	4.132134e-06	2.785207e-06	2.222064e-06	1.865083e-06	1.634558e-06	1.411921e-06
149	0.1612833	0.1031401	0.02826309	0.02752174	0.02677002	0.0182662	0.01708005	0.004400049	0.00316448	0.002698654	0.00139804	0.001261229	0.001149487	0.0009944009	0.0009044387	0.0008279266	0.0001777041	0.0001400753	0.0001223372	0.0001108017	9.150251e-05	6.17836e-05	5.384415e-05	9.838395e-06	2.942365e-06	1.841276e-06	1.384298e-06	1.112948e-06	9.300441e-07
150	0.4332104	0.1551999	0.1021801	0.02757618	0.02684204	0.02610003	0.01765858	0.01648502	0.004275514	0.003053185	0.002609816	0.001336352	0.001203519	0.001096303	0.000951318	0.0008635685	0.0007921739	0.0001720359	0.0001349456	0.0001174744	0.0001062056	8.73148e-05	5.874318e-05	5.106207e-05	9.069212e-06	2.584391e-06	1.562318e-06	1.138832e-06	8.927977e-07
151	0.4841469	0.2504554	0.0528736	0.01827997	0.0116081	0.01149499	0.01115784	0.008850438	0.008514016	0.002109588	0.001656744	0.001500301	0.000644806	0.0005944609	0.000549114	0.0004820115	0.0004468202	0.000411523	8.540822e-05	7.022297e-05	6.31686e-05	5.895496e-05	4.938553e-05	3.550245e-05	3.198401e-05	5.711154e-06	1.722241e-06	1.105216e-06	8.74844e-07
152	0.1770084	0.1634173	0.0825717	0.01999799	0.007646378	0.007092367	0.007039996	0.006934996	0.005157066	0.004971698	0.0009985248	0.0007423757	0.0006564454	0.0004287133	0.0003978041	0.0003703983	0.0003279902	0.0003077943	0.0002827098	5.76818e-05	4.914252e-05	4.536281e-05	4.325009e-05	3.665893e-05	2.755559e-05	2.536885e-05	4.617497e-06	1.470665e-06	9.814682e-07
153	0.1675099	0.1362633	0.1305961	0.05126016	0.01192398	0.004155323	0.0037106	0.00368654	0.003587978	0.003415721	0.003283223	0.0007441706	0.0005079196	0.0004269637	0.0002748817	0.0002510288	0.0002319399	0.0002035924	0.0001878145	0.0001773743	3.478278e-05	2.775082e-05	2.450672e-05	2.242706e-05	1.860109e-05	1.277639e-05	1.116345e-05	1.840696e-06	4.370413e-07
154	0.3882345	0.1490769	0.1230357	0.1183455	0.03888762	0.01063542	0.003611415	0.003224058	0.003200525	0.003106626	0.002978129	0.002856649	0.0006746059	0.0004500068	0.0003729666	0.0002422131	0.0002198369	0.0002021781	0.0001769217	0.00016242	0.0001535372	3.061206e-05	2.407927e-05	2.107178e-05	1.908038e-05	1.571064e-05	1.066911e-05	9.231659e-06	1.504549e-06
155	0.5565029	0.2520234	0.1330925	0.1132335	0.1096467	0.03256482	0.007609976	0.003251752	0.002873198	0.002867321	0.002779594	0.002662767	0.002546066	0.0006236032	0.0004085864	0.0003348712	0.0002176443	0.0001963678	0.0001799937	0.0001570943	0.0001437355	0.0001357883	2.730799e-05	2.136964e-05	1.862615e-05	1.67958e-05	1.378695e-05	9.328535e-06	8.075458e-06
156	0.7376816	0.548189	0.2488783	0.1319203	0.112679	0.109253	0.0317147	0.007414765	0.003166328	0.002793174	0.002787325	0.002698822	0.002580849	0.002462975	0.0006159536	0.0003997849	0.0003255854	0.0002123439	0.0001909922	0.0001745678	0.0001520446	0.0001386632	0.0001307037	2.678078e-05	2.084348e-05	1.811096e-05	1.626822e-05	1.332034e-05	8.981746e-06
157	0.7241189	0.6168868	0.4442384	0.160623	0.05329707	0.0364319	0.03344185	0.03014536	0.007111738	0.003076438	0.002709146	0.002703361	0.002614466	0.002495807	0.00237671	0.0005974566	0.0003801225	0.0003053621	0.0001963924	0.0001750506	0.0001587107	0.0001370036	0.0001235987	0.0001158084	2.460675e-05	1.875272e-05	1.60209e-05	1.415358e-05	1.144354e-05
158	0.7183336	0.6960474	0.5957737	0.4275747	0.148786	0.04596429	0.03021133	0.0274422	0.02437445	0.006890758	0.002989029	0.002623155	0.002617401	0.002528648	0.002410598	0.002291092	0.0005857302	0.000367631	0.0002925244	0.0001872285	0.0001658768	0.000149592	0.0001285648	0.0001152702	0.0001075711	2.341341e-05	1.762201e-05	1.491086e-05	1.304104e-05
159	0.3421226	0.3026107	0.2843962	0.2178417	0.1484807	0.09603841	0.03624485	0.02402738	0.02179057	0.02024319	0.005579674	0.002394818	0.002034113	0.002028681	0.001951213	0.001844539	0.00174719	0.0005024823	0.0003114559	0.0002466518	0.0001571542	0.0001380507	0.0001239843	0.0001061751	9.452376e-05	8.788645e-05	1.938498e-05	1.449849e-05	1.217364e-05
160	0.3993327	0.2976918	0.2633186	0.2462464	0.184803	0.1188994	0.07011147	0.03455414	0.02289946	0.02084647	0.01935409	0.005401267	0.00233164	0.001970494	0.001965081	0.001887003	0.001779218	0.001680822	0.0004951826	0.0003031469	0.0002379323	0.0001511328	0.0001319585	0.000117831	0.0001007339	8.904524e-05	8.240214e-05	1.895415e-05	1.407218e-05
161	0.5512562	0.2936333	0.2595502	0.2265831	0.2101019	0.1600925	0.1053667	0.05919349	0.02853488	0.0212331	0.01929905	0.0184098	0.005180078	0.002222738	0.001882812	0.001877419	0.00179895	0.001690328	0.001591308	0.0004648219	0.0002942312	0.0002289444	0.0001455274	0.0001263283	0.0001127122	9.6064e-05	8.447369e-05	7.787255e-05	1.844584e-05
162	0.5739564	0.5095145	0.2634957	0.2298654	0.2204986	0.2041099	0.1555712	0.101512	0.05730919	0.0277129	0.02070474	0.01883751	0.01798625	0.005078208	0.002175653	0.001834708	0.001829718	0.001750923	0.001641558	0.001541854	0.0004597796	0.0002886843	0.0002235788	0.0001422426	0.000122974	0.0001093297	9.296231e-05	8.135709e-05	7.475063e-05
163	0.386113	0.2116801	0.1860951	0.07089742	0.05993319	0.05700101	0.05462051	0.0424615	0.02823592	0.01560387	0.007292334	0.005223201	0.004703622	0.004501405	0.001351816	0.0007231647	0.0004033999	0.0004003315	0.0003893705	0.0003425201	0.0003266473	9.215899e-05	6.640951e-05	5.700455e-05	3.714783e-05	2.947197e-05	2.684758e-05	2.346194e-05	2.119651e-05
164	0.2398966	0.2185675	0.12013	0.1083731	0.03014465	0.0226884	0.02125364	0.01957293	0.01614586	0.01028493	0.005403817	0.002400501	0.001623827	0.001452309	0.001396677	0.0006033612	0.0004543359	0.0001371738	0.0001347249	0.0001334532	9.502179e-05	9.115508e-05	1.844993e-05	1.467481e-05	1.338352e-05	8.735491e-06	8.421784e-06	7.444925e-06	6.686937e-06
165	0.1521082	0.1205824	0.1060504	0.0933792	0.09143125	0.01484663	0.009562223	0.008444391	0.008135022	0.00664037	0.005062019	0.0025971	0.0009724235	0.0005650525	0.0004794979	0.0004522222	0.000139398	8.354069e-05	8.234714e-05	7.992021e-05	7.978527e-05	4.199671e-05	3.957317e-05	6.017287e-06	5.403039e-06	5.188534e-06	3.413127e-06	3.324062e-06	3.26492e-06
166	0.08144411	0.05653908	0.040836	0.02834665	0.01760313	0.01601969	0.01272514	0.007497468	0.006441468	0.006147114	0.005055125	0.003757146	0.001891303	0.0006974046	0.0004005007	0.000338649	0.0003209864	0.0001062368	6.734766e-05	6.651935e-05	6.648034e-05	6.650098e-05	2.837321e-05	2.589275e-05	4.16966e-06	3.687857e-06	3.502442e-06	2.34399e-06	2.276391e-06
167	0.8391781	0.07152864	0.04771782	0.03373252	0.02175706	0.01153854	0.01008728	0.00692501	0.006384825	0.005333963	0.005046415	0.004144504	0.00300147	0.001487083	0.0005535973	0.0003211948	0.0002725019	0.0002591364	9.15023e-05	6.065528e-05	6.011486e-05	6.007987e-05	6.010047e-05	2.164083e-05	1.910797e-05	3.300964e-06	2.864437e-06	2.683034e-06	1.820779e-06
168	0.2854518	0.2490591	0.02829773	0.02409199	0.01167454	0.009931953	0.007687783	0.006998921	0.004654883	0.004201282	0.003851566	0.003582857	0.002964435	0.002073364	0.0009853596	0.0003415255	0.000180138	0.0001465089	0.0001385524	3.350958e-05	1.420119e-05	1.386255e-05	1.384729e-05	1.381863e-05	1.385322e-05	1.138247e-05	1.880098e-06	1.700983e-06	1.593964e-06
169	0.06098846	0.03788129	0.02252198	0.01135347	0.008821635	0.007056864	0.006256652	0.005026291	0.004526111	0.003437465	0.003046059	0.002740912	0.002580733	0.002180515	0.001444528	0.0006632899	0.0002260049	0.0001158479	9.277347e-05	8.749279e-05	1.960373e-05	6.976274e-06	6.76571e-06	6.759015e-06	6.736486e-06	6.756898e-06	6.773487e-06	1.04227e-06	9.670091e-07
170	0.02308043	0.02123391	0.01872033	0.009201337	0.006222511	0.004867274	0.00432353	0.003958522	0.0031854	0.002937371	0.002385275	0.002050086	0.001766249	0.001614986	0.001354641	0.0007728334	0.0003260048	0.0001207012	6.676872e-05	5.388243e-05	5.12535e-05	1.031188e-05	3.244588e-06	3.129124e-06	3.125248e-06	3.112992e-06	3.12163e-06	3.132569e-06	5.076236e-07
171	0.005079455	0.003975429	0.0036849	0.003340855	0.001781171	0.001177211	0.0009212987	0.0007659439	0.0006792466	0.000570429	0.0005363047	0.0004090419	0.0003352451	0.0002882865	0.0002653542	0.0002289475	0.0001375445	6.127557e-05	2.061104e-05	1.063361e-05	8.701536e-06	8.180872e-06	1.767788e-06	6.503419e-07	6.270857e-07	6.263505e-07	6.24549e-07	6.263361e-07	6.287047e-07
172	0.0307757	0.003483455	0.002762236	0.002564089	0.002360307	0.00129758	0.0008634956	0.0006783145	0.0005659593	0.0005036081	0.0004331788	0.00040931	0.0002942346	0.0002535532	0.000209971	0.0001887016	0.0001641747	8.635742e-05	3.60889e-05	1.162854e-05	5.685807e-06	4.595724e-06	4.275002e-06	9.070143e-07	3.111501e-07	3.004123e-07	3.000266e-07	2.988287e-07	2.992752e-07
173	0.9192442	0.02792594	0.002829704	0.002164315	0.002015568	0.001854988	0.00113727	0.0007674655	0.0006013845	0.0005007007	0.0004452433	0.0003860032	0.000364729	0.0002525555	0.0002235401	0.0001807187	0.0001607091	0.0001399568	7.04895e-05	2.892422e-05	9.021058e-06	4.209254e-06	3.352111e-06	3.08646e-06	6.772937e-07	2.198787e-07	2.12754e-07	2.124677e-07	2.114468e-07
174	0.1119149	0.08376248	0.00980578	0.001059862	0.000923665	0.0008776975	0.0007874057	0.0006343823	0.0004964569	0.0004429331	0.0003784288	0.0003388386	0.0003011376	0.0002878995	0.0001833114	0.0001608339	0.0001208644	0.0001028471	8.925401e-05	3.373155e-05	1.011803e-05	4.012889e-06	2.470916e-06	2.145485e-06	1.972688e-06	4.149103e-07	1.338476e-07	1.294724e-07	1.292776e-07
175	0.02973764	0.02307916	0.01993879	0.003420087	0.0003613383	0.0002808959	0.0002543111	0.0002246239	0.0001827483	9.625953e-05	7.568277e-05	5.150269e-05	3.904711e-05	3.078987e-05	2.874649e-05	1.87146e-05	1.687208e-05	1.405847e-05	1.286298e-05	1.067262e-05	5.990055e-06	2.525905e-06	1.110718e-06	7.339711e-07	6.41328e-07	5.851801e-07	1.302486e-07	5.065824e-08	4.915482e-08
176	0.1609968	0.02643494	0.02020834	0.01811779	0.003047227	0.0003097675	0.0002370376	0.0002140809	0.0001918084	0.0001636783	8.278082e-05	6.454823e-05	4.267935e-05	3.144608e-05	2.490577e-05	2.331408e-05	1.444461e-05	1.314442e-05	1.065063e-05	9.597382e-06	8.090927e-06	4.184536e-06	1.715313e-06	7.394529e-07	4.825669e-07	4.228213e-07	3.752615e-07	8.277459e-08	3.11254e-08
177	0.8201715	0.1590978	0.02569803	0.01946733	0.01776788	0.00293293	0.0002727677	0.000221877	0.000202172	0.0001823369	0.0001588006	7.917391e-05	6.152449e-05	4.028788e-05	2.943888e-05	2.346226e-05	2.201486e-05	1.343032e-05	1.220761e-05	9.782966e-06	8.7594e-06	7.465451e-06	3.75103e-06	1.494059e-06	6.295601e-07	4.047091e-07	3.54495e-07	3.095007e-07	6.814666e-08
178	0.912883	0.8230253	0.1592641	0.02547647	0.01921786	0.01763839	0.002888692	0.0002538283	0.0002054458	0.0001980307	0.0001790132	0.0001570377	7.746822e-05	5.995441e-05	3.894585e-05	2.832895e-05	2.26071e-05	2.122649e-05	1.291822e-05	1.174396e-05	9.398332e-06	8.407659e-06	7.191474e-06	3.596803e-06	1.4223e-06	5.933645e-07	3.786248e-07	3.315518e-07	2.877618e-07
179	0.9142979	0.8946378	0.8208442	0.1565362	0.0232312	0.01711096	0.01589626	0.002458976	0.0001977367	0.0001599776	0.0001539915	0.0001383965	0.0001213403	4.361815e-05	2.717441e-05	1.792368e-05	1.344599e-05	1.056753e-05	9.855161e-06	6.917035e-06	6.477976e-06	5.677948e-06	5.3142e-06	4.503495e-06	2.675742e-06	1.138446e-06	4.594664e-07	2.814546e-07	2.413013e-07
180	0.9304928	0.8963439	0.8817939	0.8228175	0.1550933	0.0213177	0.01665012	0.01555972	0.002352371	0.0001644152	0.0001497127	0.0001441299	0.0001294114	0.0001141173	3.664083e-05	2.048786e-05	1.366967e-05	1.037792e-05	8.084842e-06	7.509767e-06	5.483465e-06	5.179305e-06	4.632389e-06	4.370638e-06	3.665598e-06	2.361013e-06	1.031039e-06	4.113788e-07	2.493002e-07
181	0.9362696	0.903422	0.8872802	0.8771119	0.8237565	0.1527424	0.01842819	0.01613357	0.01515613	0.00223961	0.0001412458	0.0001292717	0.000124553	0.0001177815	0.0001041614	2.691893e-05	1.100752e-05	8.197706e-06	6.711052e-06	5.19509e-06	4.794796e-06	4.033126e-06	3.904354e-06	3.708215e-06	3.587037e-06	2.995635e-06	2.104434e-06	9.394841e-07	3.66348e-07
182	0.9271559	0.9228466	0.895864	0.8839527	0.875388	0.8264586	0.15117	0.01616598	0.01597527	0.01508418	0.002204747	0.0001322635	0.00012448	0.0001200562	0.0001138657	0.000101476	2.42077e-05	8.442901e-06	6.58092e-06	5.528592e-06	4.253385e-06	3.909927e-06	3.421836e-06	3.339479e-06	3.213826e-06	3.120726e-06	2.585046e-06	1.892234e-06	8.506821e-07
183	0.2624282	0.2441526	0.2428105	0.2206093	0.2097363	0.2017179	0.1562294	0.1414986	0.005686831	0.005533037	0.004735291	0.002122877	6.110431e-05	5.392903e-05	4.977784e-05	4.408926e-05	3.302967e-05	2.349158e-05	7.800271e-06	6.066618e-06	5.10382e-06	3.930263e-06	3.612354e-06	3.16404e-06	3.093864e-06	2.973483e-06	2.883038e-06	2.382112e-06	1.725563e-06
184	0.1223821	0.1160267	0.1000749	0.09893379	0.07968649	0.06959334	0.06225499	0.02110961	0.0077447	0.003639386	0.003500087	0.002831797	0.0003304305	4.227393e-05	3.563827e-05	3.173905e-05	2.652815e-05	1.727352e-05	8.466322e-06	6.686226e-06	5.101303e-06	4.247531e-06	3.194027e-06	2.914784e-06	2.512734e-06	2.450527e-06	2.336703e-06	2.249343e-06	1.790531e-06
185	0.1831724	0.1121453	0.1076933	0.09317221	0.09216518	0.07448514	0.06506036	0.05819081	0.01973763	0.007325866	0.003507229	0.003417725	0.002791425	0.0003145805	3.720006e-05	3.325051e-05	2.991797e-05	2.518218e-05	1.651003e-05	7.959648e-06	6.278284e-06	4.837039e-06	4.037709e-06	3.052719e-06	2.790224e-06	2.406155e-06	2.347154e-06	2.234343e-06	2.14708e-06
186	0.9503429	0.1697795	0.1022795	0.09905902	0.08611884	0.08530698	0.06923107	0.06047476	0.05405077	0.01834985	0.006919698	0.003394546	0.003315126	0.002736671	0.0002969859	3.318244e-05	2.970202e-05	2.796474e-05	2.360048e-05	1.556189e-05	7.294543e-06	5.722004e-06	4.400347e-06	3.693953e-06	2.798037e-06	2.557132e-06	2.23853e-06	2.189348e-06	2.092652e-06
187	0.1377735	0.1184821	0.1052332	0.08995523	0.08773036	0.07625317	0.07561514	0.06122357	0.05314299	0.0471841	0.01458797	0.004608766	0.001404516	0.001332609	0.0008085236	0.0002716124	2.494758e-05	2.19531e-05	2.044908e-05	1.672492e-05	9.450489e-06	6.408463e-06	5.009728e-06	3.827195e-06	3.195171e-06	2.38319e-06	2.167304e-06	1.881885e-06	1.837884e-06
188	0.113859	0.1100994	0.09324704	0.0887341	0.07734881	0.07545762	0.06611904	0.0655854	0.05331847	0.04593583	0.04056597	0.01251694	0.003898064	0.001132752	0.001070572	0.0006279989	0.000159115	2.055903e-05	1.808438e-05	1.68369e-05	1.362505e-05	7.561501e-06	5.007245e-06	4.058954e-06	3.048987e-06	2.506329e-06	1.822336e-06	1.64885e-06	1.404725e-06
189	0.1125949	0.1030757	0.09952552	0.08374316	0.07959655	0.06890292	0.06712743	0.05860452	0.05810319	0.04696252	0.04032893	0.03568427	0.01109751	0.003460806	0.001016618	0.0009611996	0.0005657745	0.0001437728	1.83682e-05	1.626728e-05	1.516646e-05	1.234453e-05	6.901329e-06	4.570897e-06	3.709483e-06	2.778376e-06	2.281356e-06	1.666021e-06	1.510093e-06
190	0.1337538	0.09736794	0.08929186	0.08616985	0.07286965	0.06926719	0.06026626	0.05873311	0.0508415	0.05038863	0.04023324	0.03437462	0.03054035	0.009662821	0.00300816	0.000893487	0.0008453009	0.0004991442	0.0001275432	1.630541e-05	1.441144e-05	1.348793e-05	1.107401e-05	6.269356e-06	4.138751e-06	3.362222e-06	2.500189e-06	2.047216e-06	1.498848e-06
191	0.3524744	0.1031686	0.08713273	0.08012161	0.07710586	0.06423314	0.06081998	0.0521995	0.05073725	0.04341927	0.04299428	0.03375024	0.02865717	0.02562147	0.008299009	0.002578662	0.0007790503	0.000737709	0.0004367723	0.0001125113	1.442295e-05	1.272064e-05	1.189286e-05	9.879324e-06	5.653813e-06	3.698556e-06	2.99629e-06	2.238988e-06	1.829555e-06
192	0.9253332	0.2978391	0.06072974	0.05045895	0.04549497	0.04493903	0.04282259	0.04152325	0.03937863	0.03893472	0.03264008	0.03242717	0.02480369	0.02096727	0.01849853	0.006189901	0.001894666	0.0005477754	0.0005196675	0.0003051965	7.866839e-05	1.041433e-05	9.111249e-06	8.452975e-06	7.025752e-06	4.014353e-06	2.510114e-06	2.022756e-06	1.505181e-06
193	0.08278261	0.08014611	0.05181441	0.04035246	0.03755394	0.03556942	0.03517246	0.03349758	0.0324846	0.03083723	0.03048844	0.02546784	0.02530088	0.01924746	0.01608015	0.01406143	0.004672656	0.001447615	0.0004197209	0.000398497	0.0002336853	6.04548e-05	7.620864e-06	6.660587e-06	6.177452e-06	5.098829e-06	2.787261e-06	1.885135e-06	1.522551e-06
194	0.05065911	0.0417536	0.040049	0.03396783	0.02631261	0.02460487	0.02385397	0.02364728	0.0224922	0.02178412	0.02062709	0.02038665	0.01673265	0.0166153	0.01226253	0.01012078	0.008899051	0.00299132	0.0009354704	0.0002764841	0.0002631876	0.0001551481	4.012856e-05	4.852729e-06	4.256047e-06	3.958304e-06	3.289015e-06	1.76638e-06	1.200608e-06
195	0.08634799	0.04326819	0.03516775	0.03366581	0.02858402	0.02126819	0.01975269	0.01918555	0.01901575	0.017909	0.01729607	0.01628533	0.0160768	0.01314294	0.01304829	0.00953471	0.007803815	0.006807954	0.002239486	0.0007165458	0.00022028	0.0002100469	0.0001248535	3.23384e-05	3.647355e-06	3.23556e-06	3.038459e-06	2.53285e-06	1.330617e-06
196	0.1746675	0.04827268	0.01697358	0.01580884	0.01552701	0.01317021	0.01191491	0.01091831	0.01056947	0.01050758	0.01040709	0.01002568	0.009727747	0.009660273	0.008001856	0.007954093	0.005835488	0.005038552	0.004486878	0.001583095	0.0004985008	0.0001487764	0.0001420119	8.537055e-05	2.274453e-05	2.556068e-06	2.236723e-06	2.084186e-06	1.760439e-06
197	0.4961683	0.1020214	0.03283925	0.0121477	0.01159162	0.01149207	0.009666608	0.008967734	0.00837416	0.008074788	0.008031934	0.007997051	0.007781486	0.007554761	0.007509333	0.006363802	0.006330134	0.004725813	0.004233909	0.003798248	0.00139717	0.0004347437	0.0001270505	0.0001212978	7.341112e-05	1.973659e-05	2.217186e-06	1.919922e-06	1.778236e-06
198	0.459596	0.447242	0.0945438	0.03068597	0.01108813	0.01061617	0.01053159	0.008821078	0.008190306	0.007623233	0.00734232	0.007304751	0.007276804	0.007076072	0.006872788	0.006833026	0.005847786	0.005818612	0.004385921	0.003969855	0.003568093	0.001319368	0.0004075894	0.0001196536	0.0001142713	6.942805e-05	1.873725e-05	2.079625e-06	1.796561e-06
199	0.6506243	0.4211742	0.416558	0.08673332	0.02761215	0.01057606	0.01013621	0.01005914	0.008424541	0.007820591	0.007271018	0.007005227	0.006969619	0.006942968	0.006750737	0.006559465	0.006521731	0.005592265	0.005564713	0.004202466	0.003810046	0.003432066	0.001261999	0.000391234	0.0001151603	0.0001100026	6.703823e-05	1.810582e-05	1.973623e-06
200	0.9316703	0.6331792	0.4128435	0.4083438	0.08487631	0.02701471	0.01027991	0.009855641	0.009780823	0.008175683	0.00758318	0.00703967	0.006778194	0.006744006	0.006718176	0.006530253	0.006344377	0.006308148	0.005421346	0.005395004	0.004078531	0.003703903	0.003336485	0.001227979	0.0003817908	0.0001128505	0.0001078235	6.585928e-05	1.778789e-05
201	0.7113736	0.6549875	0.561909	0.3829904	0.3800954	0.07622786	0.02263518	0.009685578	0.009301103	0.009236582	0.007735316	0.007177842	0.006659461	0.006407506	0.006375612	0.006351418	0.006174957	0.005998327	0.005964256	0.005136695	0.005112081	0.00386807	0.003518299	0.003188075	0.001167563	0.0003625197	0.0001063543	0.0001015512	6.235962e-05
202	0.5584981	0.5384395	0.4901327	0.4113912	0.3449091	0.3429802	0.06894886	0.02049882	0.009063192	0.008712867	0.008653953	0.007266772	0.006744404	0.006245884	0.006019853	0.005990482	0.005967758	0.0058008	0.00563976	0.005608259	0.004850456	0.004827843	0.003663656	0.003342896	0.003032816	0.001108704	0.0003451468	0.000101204	9.665654e-05
203	0.4129002	0.3212101	0.3181104	0.3129501	0.3047413	0.2831851	0.2822066	0.05484715	0.01524119	0.007540939	0.007281908	0.007236829	0.006105258	0.005668938	0.0052264	0.005022813	0.005000385	0.004981653	0.004844077	0.004709908	0.004685268	0.004120781	0.004103726	0.003164784	0.002924389	0.002694377	0.0009575612	0.0002981793	8.596025e-05
204	0.5832077	0.3742718	0.2883186	0.2860443	0.2822827	0.2772218	0.2591751	0.2582761	0.04964485	0.01354637	0.006661957	0.006445201	0.006406622	0.0054196	0.005033453	0.004619562	0.004456252	0.004437752	0.004421264	0.004298882	0.004183318	0.004162615	0.003709928	0.003696056	0.002880385	0.002685962	0.002487115	0.0008720561	0.0002732914
205	0.502875	0.4468243	0.2442589	0.2195276	0.2187811	0.2160164	0.2119511	0.1988226	0.1982244	0.0376052	0.01059527	0.005744108	0.005566783	0.005535815	0.004798319	0.004500046	0.004136157	0.0039871	0.003971629	0.003956718	0.003852776	0.003748659	0.003730637	0.00334603	0.003334159	0.00260132	0.002435755	0.002274843	0.0007830762
206	0.5731008	0.4028266	0.3763624	0.2014285	0.1871835	0.1866649	0.1842762	0.1808222	0.1696347	0.1693036	0.03240523	0.009113914	0.005063261	0.004915469	0.004889459	0.004272217	0.004017357	0.003677308	0.003541416	0.003528503	0.003515066	0.003421884	0.003328079	0.003312573	0.002995777	0.002985859	0.002328964	0.002191863	0.002052167
207	0.1791663	0.1748349	0.169313	0.1579879	0.1417775	0.1369115	0.1365954	0.135611	0.1342843	0.1260708	0.125817	0.02414823	0.006775116	0.003767077	0.003662735	0.0036444	0.003190791	0.002998688	0.002876612	0.002796048	0.002787076	0.002779258	0.002722541	0.002660155	0.002648336	0.0024308	0.002423768	0.001880433	0.001785156
208	0.1779332	0.1555438	0.1517722	0.1491788	0.1385067	0.1247384	0.1203984	0.1201138	0.119252	0.1181234	0.1112038	0.1109888	0.0213072	0.005962347	0.003342367	0.003257672	0.003242359	0.002843192	0.002671743	0.002562917	0.00249333	0.002486115	0.002479305	0.00242896	0.00237383	0.002363788	0.002194733	0.002189093	0.001698619
209	0.5719123	0.1261814	0.1180519	0.1168998	0.1155054	0.1065017	0.09831129	0.0948949	0.0946588	0.09401793	0.09318983	0.08793824	0.08777831	0.01670899	0.00453835	0.002540801	0.00248759	0.002477231	0.002173223	0.002040202	0.001954817	0.00190898	0.001904626	0.001899498	0.001859846	0.001836856	0.001829713	0.001739431	0.00173606
210	0.2782061	0.2294526	0.06650339	0.0628807	0.06240751	0.06170878	0.05967938	0.05185496	0.05029401	0.05018622	0.0498673	0.04940541	0.04691154	0.0468333	0.009287315	0.002357001	0.001247213	0.001213291	0.001206811	0.00102107	0.0009488692	0.0008958046	0.0008712374	0.000868275	0.0008664665	0.0008415574	0.0008243231	0.0008182264	0.0007524154
211	0.4424093	0.1168732	0.07748032	0.01963055	0.01852782	0.01844687	0.01819878	0.01788436	0.01638381	0.01602474	0.01599837	0.0158319	0.01567055	0.01482417	0.01479656	0.002944686	0.0007538426	0.0003880982	0.0003753307	0.0003730794	0.0003137426	0.0002912883	0.0002723784	0.0002645746	0.0002634512	0.0002627983	0.0002546756	0.0002487564	0.000245747
212	0.125635	0.1003202	0.04469873	0.04250481	0.005828264	0.005381791	0.005363743	0.005352983	0.005251474	0.005210683	0.005129839	0.005121409	0.005064964	0.005015337	0.004744975	0.004736645	0.0008764397	0.0002106789	9.991141e-05	9.673578e-05	9.613024e-05	7.632999e-05	6.931712e-05	6.043264e-05	5.79876e-05	5.772105e-05	5.757819e-05	5.543826e-05	5.344132e-05
213	0.04909115	0.02679295	0.02543902	0.02408829	0.02395154	0.002807672	0.002515634	0.002508724	0.002504283	0.00247359	0.002468976	0.002436907	0.002432956	0.002403552	0.002381007	0.002262684	0.00225869	0.0003868511	8.612025e-05	3.479644e-05	3.3606e-05	3.337735e-05	2.537685e-05	2.262498e-05	1.638753e-05	1.531028e-05	1.52224e-05	1.51792e-05	1.458077e-05
214	0.1617296	0.03815972	0.02465632	0.02352045	0.02303834	0.02293133	0.002036937	0.001832036	0.001826691	0.001825263	0.001805354	0.001803165	0.001782413	0.00177953	0.001760171	0.001745278	0.001667856	0.001665182	0.0002770171	5.928546e-05	2.202782e-05	2.129878e-05	2.115219e-05	1.573147e-05	1.389368e-05	8.144516e-06	7.275693e-06	7.224314e-06	7.199202e-06
215	0.02691968	0.0120037	0.005608739	0.001118464	0.0009821087	0.000896176	0.0008794514	0.0006937096	0.0006065555	0.0006049468	0.0006045596	0.0005961879	0.0005956992	0.0005861156	0.0005850228	0.0005746809	0.0005669398	0.0005272009	0.0005258251	8.776966e-05	1.88314e-05	6.710907e-06	6.41028e-06	6.357628e-06	5.0423e-06	4.568354e-06	4.281746e-06	3.734199e-06	3.709595e-06
216	0.03864558	0.01593342	0.004777801	0.002365672	0.0004479383	0.000391779	0.000344563	0.0003370529	0.0002532781	0.0002473355	0.0002461879	0.0002460061	0.0002420517	0.0002418387	0.000237298	0.0002367722	0.0002327457	0.0002292359	0.0002102382	0.0002096608	3.531361e-05	7.66594e-06	2.817985e-06	2.689498e-06	2.666748e-06	2.083901e-06	1.869043e-06	1.744227e-06	1.688492e-06
217	0.5948764	0.03331902	0.01385055	0.003326963	0.001649033	0.0003132968	0.0002738009	0.0002339303	0.0002286943	0.0001697366	0.0001657151	0.0001647783	0.0001646489	0.0001616315	0.0001614817	0.0001579868	0.0001576183	0.000155239	0.0001527075	0.0001380676	0.0001376557	2.340897e-05	5.172165e-06	1.968786e-06	1.880164e-06	1.864758e-06	1.453635e-06	1.298398e-06	1.21078e-06
218	0.9634491	0.5975907	0.0321897	0.01339328	0.00296189	0.00146879	0.0002795252	0.0002442199	0.0002060338	0.0002013601	0.0001484709	0.0001449319	0.000144585	0.0001444807	0.0001416873	0.0001415583	0.0001383047	0.0001380322	0.0001360811	0.0001337811	0.0001200834	0.0001197109	2.043853e-05	4.549454e-06	1.756446e-06	1.67869e-06	1.665087e-06	1.295975e-06	1.156431e-06
219	0.9565779	0.932084	0.588286	0.03070033	0.01278411	0.002559282	0.001280876	0.0002438159	0.0002125812	0.00018018	0.0001762164	0.0001296906	0.0001266109	0.0001264348	0.0001263553	0.0001237634	0.0001236639	0.000120622	0.0001203834	0.0001188165	0.0001167211	0.0001038444	0.0001035064	1.774643e-05	3.979013e-06	1.556373e-06	1.488071e-06	1.476138e-06	1.152268e-06
220	0.9289947	0.9198348	0.8991591	0.5626978	0.02063315	0.01223005	0.002131748	0.001063968	0.0001823768	0.0001571998	0.0001401824	0.0001368671	9.656906e-05	9.421058e-05	9.407184e-05	9.401093e-05	9.193628e-05	9.185683e-05	8.95071e-05	8.933111e-05	8.814706e-05	8.654129e-05	7.708716e-05	7.684144e-05	1.338229e-05	3.10238e-06	1.273489e-06	1.217328e-06	1.207643e-06
221	0.4744937	0.4566338	0.453365	0.444622	0.1200643	0.0111925	0.003313547	0.00163955	0.0007849603	0.0001088326	9.189671e-05	7.857924e-05	7.653017e-05	4.411876e-05	4.283399e-05	4.274631e-05	4.271138e-05	4.177803e-05	4.1728e-05	4.065659e-05	4.057892e-05	3.979417e-05	3.907374e-05	3.538674e-05	3.528629e-05	6.80486e-06	1.859216e-06	9.326608e-07	8.932353e-07
222	0.192815	0.169444	0.1645851	0.1620075	0.1556567	0.1156718	0.01001143	0.002884247	0.001347359	0.0006412525	8.32331e-05	6.959642e-05	6.132047e-05	5.97926e-05	3.280828e-05	3.180348e-05	3.173459e-05	3.170837e-05	3.099269e-05	3.09522e-05	3.012101e-05	3.006519e-05	2.954882e-05	2.903891e-05	2.628803e-05	2.621762e-05	5.144633e-06	1.458986e-06	7.619065e-07
223	0.08759713	0.08006457	0.05929855	0.05644977	0.05469159	0.0503172	0.01746256	0.008968976	0.001980225	0.001070436	0.0005085595	6.106447e-05	5.058748e-05	4.377973e-05	4.323081e-05	2.148877e-05	2.079978e-05	2.075184e-05	2.07382e-05	2.029472e-05	2.026613e-05	1.981638e-05	1.978444e-05	1.963503e-05	1.942064e-05	1.75511e-05	1.750733e-05	3.558725e-06	1.080708e-06
224	0.6255141	0.07333197	0.0668552	0.04632975	0.04379086	0.04246291	0.03884299	0.0152812	0.008589018	0.001647253	0.0008238233	0.0003870868	4.675331e-05	3.876022e-05	3.339394e-05	3.295435e-05	1.627457e-05	1.572102e-05	1.568313e-05	1.567216e-05	1.532151e-05	1.529576e-05	1.495223e-05	1.492884e-05	1.481865e-05	1.466208e-05	1.318398e-05	1.315225e-05	2.68646e-06
225	0.1369043	0.04938596	0.04120589	0.03733479	0.03156282	0.02912647	0.02813291	0.02519924	0.007015321	0.001715469	0.001375428	0.0006161638	0.000297257	3.705791e-05	3.085162e-05	2.622476e-05	2.587963e-05	1.278381e-05	1.235188e-05	1.232176e-05	1.231267e-05	1.20162e-05	1.199253e-05	1.170367e-05	1.168538e-05	1.159849e-05	1.14782e-05	1.019499e-05	1.016989e-05
226	0.0943853	0.08263306	0.02966886	0.02448953	0.02191473	0.02095363	0.02001603	0.01930042	0.0176832	0.004278108	0.0009151425	0.0006542511	0.000449505	0.0002145677	2.749958e-05	2.290284e-05	1.895302e-05	1.869625e-05	9.15001e-06	8.808495e-06	8.786338e-06	8.779502e-06	8.586423e-06	8.565133e-06	8.327625e-06	8.313959e-06	8.251596e-06	8.166509e-06	7.667344e-06
227	0.06447393	0.0440792	0.03571383	0.02088418	0.01713929	0.01506096	0.01440308	0.01352715	0.0130986	0.01198825	0.002978421	0.0006435403	0.0004520482	0.0003032548	0.0001430842	1.918483e-05	1.605706e-05	1.326597e-05	1.306713e-05	6.585861e-06	6.338574e-06	6.322301e-06	6.316902e-06	6.161913e-06	6.142e-06	5.944073e-06	5.934161e-06	5.891842e-06	5.830437e-06
228	0.5272245	0.04740194	0.03040431	0.02296892	0.01480094	0.01243742	0.01075358	0.01037727	0.009559396	0.009270792	0.008791718	0.002105542	0.0004321823	0.0003030956	0.0001976117	9.796708e-05	1.279541e-05	1.074395e-05	8.337431e-06	8.186304e-06	3.583872e-06	3.478738e-06	3.469968e-06	3.466437e-06	3.405447e-06	3.388318e-06	3.32531e-06	3.319615e-06	3.289837e-06
229	0.7148053	0.2739659	0.04118003	0.02522744	0.01829829	0.01128845	0.009179205	0.008638479	0.008314341	0.008226693	0.007991161	0.007591323	0.001811022	0.0003691422	0.0002553383	0.0001622797	8.074806e-05	1.094373e-05	9.244427e-06	6.975732e-06	6.837366e-06	3.007879e-06	2.919548e-06	2.912901e-06	2.909811e-06	2.85812e-06	2.841158e-06	2.787681e-06	2.78295e-06
230	0.3026993	0.2812174	0.1768396	0.03042992	0.0185917	0.01201676	0.007554557	0.005750183	0.005337713	0.005080389	0.005012808	0.004833029	0.004531801	0.001468579	0.0002610843	0.0002053197	0.0001250875	6.196877e-05	7.719986e-06	6.39492e-06	5.447788e-06	5.323444e-06	2.275914e-06	2.207542e-06	2.202329e-06	2.199592e-06	2.159314e-06	2.142529e-06	2.102005e-06
231	0.3937228	0.1435761	0.1234241	0.08623891	0.02527418	0.01452675	0.008336023	0.005261354	0.003719367	0.003436955	0.003238669	0.003193698	0.00306685	0.00286456	0.0007214073	0.0001620741	0.0001224205	8.998416e-05	4.452328e-05	5.451609e-06	4.500909e-06	3.718761e-06	3.662909e-06	1.439121e-06	1.392223e-06	1.388573e-06	1.386297e-06	1.359869e-06	1.343306e-06
232	0.7041323	0.2436762	0.08994428	0.07264135	0.04360807	0.01348347	0.01209604	0.006192859	0.003974394	0.002614148	0.002410546	0.002251013	0.002217809	0.00212858	0.001990705	0.0005097767	0.0001152602	8.770724e-05	6.46308e-05	3.212045e-05	4.014559e-06	3.325347e-06	2.728887e-06	2.68375e-06	1.037753e-06	1.005387e-06	1.002707e-06	1.000669e-06	9.807004e-07
233	0.1449099	0.08983534	0.06622098	0.05008566	0.03546291	0.02108802	0.005479317	0.004743541	0.004407751	0.002940116	0.001719687	0.001582109	0.00145244	0.001429527	0.00137087	0.001280362	0.0003282197	7.718011e-05	5.890161e-05	4.382242e-05	2.190257e-05	2.847093e-06	2.371106e-06	1.868579e-06	1.837508e-06	7.033466e-07	6.813888e-07	6.797647e-07	6.781733e-07
234	0.2207575	0.1122586	0.06165022	0.04006843	0.0294893	0.02867112	0.01722547	0.004188792	0.003639542	0.003365186	0.002308434	0.001168325	0.001070311	0.0009579361	0.0009409052	0.0009016137	0.0008381227	0.0002202687	5.369607e-05	4.117801e-05	3.077514e-05	1.552846e-05	2.144865e-06	1.802565e-06	1.357553e-06	1.33132e-06	5.011152e-07	4.85257e-07	4.841083e-07
235	0.6237726	0.1601798	0.09214868	0.0427053	0.02834676	0.023338	0.02289302	0.01442457	0.002199633	0.001835976	0.001606077	0.0008556662	0.0007073884	0.0006387405	0.0006126928	0.0005998928	0.0005743963	0.0005310129	0.000144181	3.655966e-05	2.820529e-05	2.119266e-05	1.083901e-05	1.608554e-06	1.368348e-06	9.662889e-07	9.436257e-07	3.490783e-07	3.387788e-07
236	0.3085956	0.06688223	0.03386113	0.02045966	0.01465011	0.01177131	0.007293758	0.007007478	0.003807219	0.001230842	0.001054886	0.0008664054	0.0004412183	0.0003613652	0.0003247796	0.0003111124	0.0003025728	0.0002894761	0.0002661129	7.68099e-05	1.99631e-05	1.553954e-05	1.175828e-05	6.186255e-06	1.029791e-06	8.960486e-07	5.40182e-07	5.21196e-07	1.832253e-07
237	0.3798888	0.266417	0.02688698	0.01258672	0.009895811	0.00776081	0.007039893	0.002750543	0.002569136	0.001630767	0.0003939939	0.0003262522	0.0002811842	0.0001269075	0.0001037071	9.244082e-05	8.861938e-05	8.365305e-05	8.01384e-05	7.321073e-05	2.565056e-05	5.792105e-06	4.538435e-06	3.427873e-06	1.864412e-06	5.245242e-07	4.85258e-07	1.710527e-07	1.55401e-07
238	0.3571279	0.3168331	0.2383705	0.02088156	0.008449134	0.006640451	0.005418836	0.005095863	0.001717223	0.001581944	0.001194566	0.000204632	0.0001665839	0.0001311784	4.610694e-05	3.766894e-05	3.397305e-05	3.262254e-05	3.212617e-05	3.097704e-05	2.828949e-05	1.351983e-05	2.215581e-06	1.773111e-06	1.339531e-06	8.287066e-07	3.899932e-07	3.76626e-07	7.032183e-08
239	0.6557302	0.08628005	0.05452271	0.03155017	0.005737451	0.004170505	0.002876643	0.002060383	0.001812935	0.0006483918	0.0005843517	0.0003397114	0.0001141674	8.770224e-05	5.593983e-05	3.134745e-05	2.646951e-05	2.410799e-05	2.320549e-05	2.286342e-05	2.217111e-05	2.046816e-05	1.126749e-05	1.272244e-06	9.804468e-07	6.651565e-07	3.425063e-07	6.47628e-08	5.620379e-08
240	0.1539782	0.08868995	0.05149842	0.04717959	0.02480263	0.003515952	0.002776261	0.002095494	0.001533779	0.001442245	0.0003337454	0.0002758437	0.0001769624	8.020556e-05	5.992597e-05	2.947356e-05	1.85121e-05	1.626875e-05	1.513036e-05	1.467656e-05	1.449692e-05	1.418795e-05	1.327613e-05	8.992227e-06	6.393904e-07	4.855004e-07	2.872431e-07	1.458897e-07	2.391707e-08
241	0.3643201	0.08897604	0.05657698	0.04215785	0.04095412	0.0213561	0.00167302	0.001359621	0.0012654	0.001006438	0.0009868039	0.0001586957	0.0001158541	0.0001039067	4.936721e-05	3.329144e-05	3.656584e-06	2.045937e-06	1.721037e-06	1.571737e-06	1.509737e-06	1.490261e-06	1.452914e-06	1.339903e-06	5.060748e-07	1.16953e-07	6.384343e-08	3.846537e-08	1.925665e-08
242	0.2103439	0.07911675	0.05931761	0.04285297	0.03609041	0.03537904	0.01658458	0.001301203	0.001086157	0.001017235	0.000822211	0.0008148869	0.0001384855	9.98943e-05	9.433179e-05	4.772259e-05	3.178032e-05	1.721577e-06	1.012109e-06	8.540047e-07	7.877509e-07	7.538241e-07	7.433446e-07	7.279952e-07	6.636726e-07	2.818564e-07	5.855542e-08	3.582314e-08	1.755754e-08
243	0.3485758	0.08516675	0.05897251	0.0465372	0.03530721	0.0339637	0.03362768	0.01493079	0.0009747	0.0008586636	0.0008017188	0.0006694118	0.0006650384	0.0001046261	6.881016e-05	6.52763e-05	1.947345e-05	3.369719e-06	1.089475e-06	6.439826e-07	5.467852e-07	5.022502e-07	4.806883e-07	4.729378e-07	4.602417e-07	4.163374e-07	9.826324e-08	2.660276e-08	1.913664e-08
244	0.5049439	0.1981309	0.05325067	0.03829441	0.028478	0.02172977	0.02097886	0.02078904	0.01428774	0.0009135725	0.0008132655	0.000758949	0.000633336	0.0006299938	8.759953e-05	5.32838e-05	5.092104e-05	5.961028e-06	2.439824e-06	8.327409e-07	4.968204e-07	4.213661e-07	3.844471e-07	3.689283e-07	3.619028e-07	3.510424e-07	3.233413e-07	8.486244e-08	2.177227e-08
245	0.6079972	0.4198433	0.1539679	0.04799065	0.03795795	0.02821725	0.02151951	0.02091744	0.02075013	0.01412987	0.0009253898	0.0008255031	0.0007709445	0.0006434066	0.0006403311	8.842475e-05	5.351174e-05	5.150252e-05	5.855293e-06	2.287871e-06	6.963151e-07	4.301671e-07	3.696213e-07	3.378478e-07	3.248187e-07	3.183989e-07	3.088433e-07	2.861762e-07	7.37163e-08
246	0.5203387	0.4551897	0.365131	0.1241531	0.04202561	0.03411593	0.02601284	0.02041636	0.019952	0.01981678	0.01410568	0.0009039694	0.0008086376	0.0007551799	0.0006307238	0.0006279939	7.602542e-05	4.088094e-05	3.934442e-05	1.788708e-06	1.23332e-06	4.966938e-07	3.313956e-07	2.913734e-07	2.6859e-07	2.584875e-07	2.535475e-07	2.455261e-07	2.282945e-07
247	0.4979308	0.4507498	0.4058781	0.3193737	0.09081849	0.03396164	0.02938862	0.02140788	0.01578423	0.01544868	0.0153333	0.01429299	0.0008846394	0.0007897798	0.0007366459	0.0006108097	0.0006083759	4.956745e-05	3.555335e-05	3.445227e-05	1.476338e-06	1.05554e-06	3.382806e-07	2.226538e-07	1.952631e-07	1.789212e-07	1.721766e-07	1.681838e-07	1.629104e-07
248	0.6425713	0.4376979	0.4209144	0.3785836	0.2908136	0.08042996	0.03303547	0.02969337	0.02158706	0.01585801	0.01556936	0.01545956	0.01439893	0.0009008623	0.0008047103	0.0007510998	0.0006228932	0.0006205265	5.023448e-05	3.595137e-05	3.498652e-05	1.389211e-06	9.676164e-07	2.505364e-07	1.589898e-07	1.384834e-07	1.257857e-07	1.207738e-07	1.172742e-07
249	0.4994179	0.4460378	0.3824619	0.3718801	0.3294788	0.277524	0.06783874	0.03223811	0.02954186	0.02130506	0.01602492	0.01576763	0.01566237	0.0146251	0.000884859	0.0007901539	0.0007360662	0.0006096595	0.0006073724	3.909718e-05	2.98933e-05	2.907076e-05	1.173163e-06	8.623219e-07	1.725797e-07	1.041858e-07	9.00112e-08	8.083199e-08	7.722322e-08
250	0.7011576	0.4813694	0.4306559	0.3706091	0.3623199	0.331939	0.2789499	0.06662752	0.03235689	0.02989723	0.02161144	0.01622256	0.01597837	0.01587326	0.01489941	0.0008934082	0.0007971559	0.000742553	0.0006137162	0.000611531	3.922238e-05	3.009719e-05	2.9306e-05	1.147014e-06	8.41379e-07	1.395448e-07	8.255568e-08	7.097567e-08	6.241924e-08
251	0.8245868	0.5931963	0.4055681	0.3701184	0.3306174	0.3231284	0.2955246	0.2814231	0.06570937	0.03281137	0.03049261	0.02203041	0.01656486	0.01632495	0.01621909	0.01522416	0.0009113831	0.0008132961	0.0007577193	0.00062614	0.0006242903	3.952194e-05	3.022331e-05	2.96293e-05	1.123946e-06	8.212484e-07	1.069298e-07	6.305667e-08	5.336418e-08
252	0.5025073	0.4431976	0.3529669	0.1866634	0.1543871	0.1176903	0.1134903	0.1093078	0.09494908	0.06450324	0.03253163	0.03041115	0.02240462	0.01681699	0.01658301	0.01647697	0.01547462	0.0009221947	0.0008223752	0.0007659548	0.0006315863	0.0006297786	3.98477e-05	3.058221e-05	3.001401e-05	1.111237e-06	8.086492e-07	8.121366e-08	4.422154e-08
253	0.470649	0.4157159	0.3734755	0.3010685	0.1634373	0.1341963	0.1000608	0.09635437	0.09240458	0.08171801	0.05383735	0.03307084	0.03107332	0.02288676	0.01719481	0.01696371	0.01685658	0.01583128	0.0009427953	0.0008410642	0.0007833808	0.0006459855	0.0006441595	4.069968e-05	3.123192e-05	3.067725e-05	1.129082e-06	8.207294e-07	7.696388e-08
254	0.8675325	0.4007937	0.3521138	0.3248665	0.262045	0.1401501	0.1145137	0.08702076	0.08353677	0.07974517	0.07884821	0.05147502	0.03243567	0.03055572	0.02218089	0.01757477	0.01734662	0.01723832	0.01618967	0.0009636013	0.000859799	0.000800802	0.0006602821	0.0006586937	4.108321e-05	3.147452e-05	3.108219e-05	1.138358e-06	8.319602e-07
255	0.5467509	0.4920338	0.3132207	0.28241	0.2624977	0.2093241	0.1043574	0.0881403	0.0624973	0.05944771	0.05579341	0.05491461	0.044417	0.02644663	0.02482793	0.02263898	0.01792179	0.01772547	0.01762069	0.01658122	0.0009847113	0.0008784754	0.0008186133	0.0006746994	0.0006732287	4.181958e-05	3.20289e-05	3.165366e-05	1.157527e-06
256	0.4871866	0.4469331	0.4339364	0.2650475	0.2370959	0.2228754	0.1721828	0.09342272	0.07940441	0.05727965	0.05449103	0.05086632	0.05001746	0.04051112	0.02663355	0.02513773	0.02290012	0.01835806	0.01816487	0.01805894	0.01699366	0.001007281	0.0009001198	0.0008388039	0.0006914328	0.000689948	4.281827e-05	3.278997e-05	3.242906e-05
257	0.8337269	0.442876	0.4051514	0.3956207	0.2333444	0.2079668	0.1962447	0.1507947	0.08299412	0.07076956	0.05096074	0.04835806	0.04474496	0.043932	0.0351504	0.02240242	0.02103271	0.01874403	0.01861233	0.01842272	0.01831541	0.01722323	0.001020994	0.0009222971	0.000859441	0.0007084936	0.0007070113	4.38546e-05	3.357573e-05
258	0.6746026	0.5543413	0.2557601	0.2239731	0.2188258	0.192484	0.1699876	0.161653	0.1199511	0.07083134	0.06061698	0.0428214	0.04088236	0.04005448	0.03925952	0.03121963	0.01958345	0.01834869	0.01829299	0.01815894	0.01808235	0.01806984	0.0176142	0.0009856552	0.000884432	0.0008816856	0.0007267829	0.0007254643	4.489874e-05
259	0.5785921	0.5320685	0.5204234	0.2197609	0.1897407	0.1871698	0.1619318	0.1469875	0.1403298	0.1012977	0.06395791	0.05555532	0.04036863	0.03864535	0.03790929	0.03753533	0.03023995	0.01975337	0.01864887	0.01859849	0.01856847	0.01849813	0.01848673	0.0180189	0.0009409615	0.0008936355	0.0008908516	0.0007463299	0.0007449957
260	0.4126809	0.1570046	0.1507727	0.1473893	0.1376199	0.1320191	0.1302625	0.1131212	0.1034668	0.09914535	0.06567547	0.04008806	0.03362564	0.02078371	0.01928674	0.01862986	0.01832384	0.01176221	0.002563157	0.001602048	0.001556789	0.001533684	0.001470527	0.001460267	0.0009795369	0.0009536836	0.0009161393	0.0009133	0.0007663432
261	0.2383962	0.2045182	0.1149266	0.1109622	0.1082181	0.1007905	0.09804939	0.09668727	0.08021136	0.07634075	0.07337809	0.04525147	0.03080246	0.0263377	0.01694213	0.01570736	0.01515195	0.01494018	0.009295186	0.002207144	0.001407014	0.00136821	0.00135005	0.001295191	0.001286273	0.0007919928	0.0007654898	0.0007647513	0.0007618543
262	0.2295064	0.1076274	0.09098509	0.08724101	0.08410294	0.08215719	0.07745413	0.07495278	0.07395035	0.07036228	0.06730118	0.06487324	0.03698369	0.02552203	0.02174471	0.01302585	0.01199257	0.01155196	0.01137962	0.007137318	0.001583859	0.0009619389	0.0009308176	0.0009122924	0.0008684796	0.0008613878	0.0008104228	0.0007831659	0.0007825425
263	0.5835668	0.1394836	0.08962226	0.07982737	0.07652396	0.07356494	0.07228404	0.06770801	0.06533105	0.06464519	0.061789	0.0595043	0.05746888	0.0296993	0.02081885	0.0175847	0.009543954	0.008690942	0.008364462	0.008231764	0.005412907	0.001391418	0.0009393858	0.0009154238	0.0008966095	0.0008639062	0.0008585978	0.0008061951	0.0008035447
264	0.133336	0.0843074	0.06518476	0.03708589	0.03103092	0.02967845	0.02850963	0.02776511	0.02689926	0.02634112	0.02590121	0.02377305	0.02261183	0.02134215	0.01856383	0.01134497	0.009114448	0.006206898	0.005810528	0.005571981	0.005470693	0.003560352	0.000494931	0.0001511277	0.000132589	0.0001313371	0.0001052645	0.0001010382	4.707216e-05
265	0.1354704	0.09219275	0.05999566	0.04893428	0.02762108	0.02305357	0.02232685	0.0212818	0.020725	0.02036112	0.01991371	0.01959609	0.01834035	0.01748394	0.01656645	0.01426165	0.008566929	0.00696285	0.00449755	0.004188748	0.004004541	0.003922807	0.00267631	0.0003829158	0.0001255426	0.0001122507	0.0001111505	9.09027e-05	8.763789e-05
266	0.8701999	0.1010299	0.07199963	0.04817537	0.03768559	0.02288941	0.01945925	0.01877928	0.01777057	0.01734707	0.01701646	0.0166044	0.01635445	0.01528526	0.0146021	0.013833	0.01183098	0.007059455	0.005661019	0.003452861	0.003199126	0.003046134	0.002978556	0.002041011	0.0003142371	0.0001199859	0.0001094698	0.0001086725	9.274121e-05
267	0.1160985	0.09366044	0.04992204	0.03638653	0.03057776	0.02670604	0.01580551	0.01322094	0.01273644	0.01236621	0.01204279	0.01186524	0.01163668	0.01144299	0.01098123	0.01051995	0.009954226	0.008623404	0.004644731	0.003801327	0.002614674	0.00242205	0.00229489	0.002239228	0.001532653	0.0002281626	8.113671e-05	7.33855e-05	7.320717e-05
268	0.09475392	0.0610723	0.04586185	0.03130274	0.02341744	0.01979589	0.01826691	0.01061068	0.008899859	0.008772716	0.008510289	0.008295094	0.008234973	0.008066366	0.007940623	0.007670063	0.007363208	0.006958247	0.006004011	0.003028541	0.002412069	0.001557551	0.001436104	0.001339811	0.001296958	0.0008771806	0.0001046373	1.727056e-05	1.245803e-05
269	0.2129444	0.0647436	0.05034547	0.03757867	0.02660174	0.02009747	0.01702858	0.01579341	0.009166744	0.007733611	0.007626654	0.00738012	0.007200811	0.007154163	0.006997787	0.006892545	0.006673021	0.006414248	0.006057585	0.005215652	0.002532267	0.001983163	0.001229897	0.001128045	0.001040641	0.001001446	0.000676485	7.919001e-05	1.143896e-05
270	0.1385722	0.1078631	0.04843078	0.04162298	0.03045736	0.02233657	0.01687636	0.01419441	0.01326396	0.007529251	0.006346784	0.006258579	0.006163342	0.006013342	0.005977166	0.005917752	0.005830809	0.005655681	0.005494918	0.005183045	0.004448458	0.002037124	0.001549243	0.0008997898	0.000816436	0.0007373144	0.0007248729	0.0004890335	5.793844e-05
271	0.08697334	0.08537852	0.06885093	0.03280749	0.02851862	0.01972568	0.01578108	0.01198767	0.01003411	0.009438571	0.005418986	0.004614563	0.004552012	0.004475485	0.004379852	0.004355415	0.004307472	0.004250287	0.004125789	0.004005154	0.003772674	0.003248433	0.001380131	0.001016331	0.0005574044	0.0005036614	0.0004794736	0.0004708443	0.0003169848
272	0.07837678	0.0553646	0.05483475	0.04453418	0.0223186	0.01963717	0.01300912	0.01058648	0.008179298	0.00671107	0.006315506	0.003738409	0.003221191	0.003178476	0.003146001	0.003088033	0.003072129	0.003054175	0.003015531	0.002929596	0.002856586	0.002685359	0.002339253	0.0009202844	0.0006530655	0.0003557349	0.0003240214	0.0003065305	0.0003017945
273	0.06585848	0.04114106	0.02911701	0.0289162	0.02238327	0.01102286	0.009697809	0.005303069	0.004116312	0.003537746	0.002735621	0.002541888	0.00190473	0.001740621	0.001719394	0.001700379	0.001681212	0.001673522	0.00166269	0.001643813	0.001595617	0.001551609	0.001462534	0.001278226	0.0004681012	0.0003303069	0.0001772534	0.0001614536	0.0001558767
274	0.08542535	0.03014133	0.02696833	0.0197912	0.01966393	0.01480241	0.008057214	0.007253417	0.003558629	0.002834761	0.002408299	0.00175154	0.001634258	0.00115193	0.001039133	0.001026213	0.00101758	0.001003981	0.000999121	0.0009944807	0.0009825862	0.0009517872	0.0009219029	0.0008684795	0.0007559198	0.0002777887	0.0001960739	0.000105862	9.649209e-05
275	0.1270142	0.04689541	0.01798667	0.01585617	0.01179172	0.01169863	0.008187934	0.00547036	0.005119274	0.002117727	0.001805553	0.001462897	0.0009357383	0.0008864937	0.0004879713	0.0004136672	0.0004081197	0.0004046823	0.0003955305	0.0003931609	0.0003911608	0.0003859173	0.000371451	0.0003519117	0.000331038	0.0002837179	0.0001062713	7.530701e-05	4.175464e-05
276	0.03768992	0.0240964	0.01754379	0.008370975	0.007279502	0.005502925	0.00545087	0.003555237	0.002861551	0.002752178	0.001011259	0.0009183583	0.0007085493	0.0004031683	0.0003889442	0.0001401499	0.0001001852	9.853089e-05	9.768044e-05	9.264615e-05	9.17592e-05	9.118493e-05	8.944443e-05	8.434787e-05	7.480844e-05	6.968016e-05	6.064163e-05	2.409009e-05	1.72689e-05
277	0.004215721	0.002834443	0.001768721	0.001232184	0.0005686992	0.0004851706	0.0003641743	0.0003600212	0.0002328431	0.0002024926	0.0001964388	7.41919e-05	6.934944e-05	5.141507e-05	2.942895e-05	2.869611e-05	7.156357e-06	3.881454e-06	3.791247e-06	3.731104e-06	3.316196e-06	3.260104e-06	3.232275e-06	3.126035e-06	2.917309e-06	2.315551e-06	2.173083e-06	1.952616e-06	8.736161e-07
278	0.01871671	0.001127516	0.000758172	0.0004597989	0.0003009155	0.0001268336	0.0001007841	7.293091e-05	7.177541e-05	4.930408e-05	4.247387e-05	4.095346e-05	1.83392e-05	1.723668e-05	1.22264e-05	7.856468e-06	7.691419e-06	1.619052e-06	7.042148e-07	6.821449e-07	6.75271e-07	5.593789e-07	5.459566e-07	5.405826e-07	5.133607e-07	4.663212e-07	4.107614e-07	3.86914e-07	3.534712e-07
279	0.004239566	0.0009212908	5.447417e-05	3.834622e-05	2.76106e-05	1.720905e-05	1.050065e-05	5.098283e-06	1.727167e-06	1.675724e-06	1.222797e-06	1.036045e-06	9.931215e-07	5.499606e-07	5.216219e-07	3.505043e-07	2.535421e-07	2.490756e-07	4.993453e-08	2.02749e-08	1.960886e-08	1.943232e-08	1.5578e-08	1.519552e-08	1.505919e-08	1.354227e-08	1.247105e-08	1.143241e-08	1.077535e-08
280	0.190244	0.003177513	0.0005809868	3.776386e-05	2.747517e-05	2.121879e-05	1.347721e-05	9.253857e-06	3.874439e-06	6.869202e-07	6.642871e-07	5.177888e-07	4.288819e-07	4.110538e-07	2.819131e-07	2.696107e-07	1.727199e-07	1.372057e-07	1.350887e-07	2.709996e-08	1.093493e-08	1.05992e-08	1.052005e-08	8.339329e-09	8.168244e-09	8.106976e-09	6.930061e-09	6.551767e-09	6.021859e-09
281	0.7624363	0.0866447	0.001190923	0.000450795	3.288244e-05	2.405987e-05	1.822017e-05	1.324211e-05	9.168533e-06	3.878147e-06	5.433774e-07	5.225154e-07	4.227232e-07	3.451251e-07	3.300162e-07	2.489522e-07	2.385502e-07	1.493967e-07	1.228178e-07	1.209858e-07	2.309725e-08	8.618481e-09	8.320013e-09	8.251388e-09	6.729206e-09	6.58101e-09	6.528138e-09	6.216497e-09	5.928081e-09
282	0.7494455	0.7300406	0.07461166	0.001022798	0.0004124228	2.129758e-05	1.61281e-05	1.081632e-05	8.018119e-06	4.118857e-06	4.005596e-06	4.735991e-07	4.541088e-07	3.72496e-07	3.030621e-07	2.89902e-07	2.224637e-07	2.134431e-07	1.321235e-07	1.089362e-07	1.073636e-07	2.041807e-08	7.571942e-09	7.313919e-09	7.254001e-09	5.965986e-09	5.843961e-09	5.798257e-09	5.543009e-09
283	0.3201766	0.3123571	0.2968899	0.04325878	0.0007372411	0.0003128925	1.134434e-05	7.557558e-06	4.780353e-06	2.725662e-06	5.35928e-07	4.549147e-07	3.50782e-07	3.34419e-07	2.716641e-07	2.168861e-07	2.072562e-07	1.534915e-07	1.463856e-07	9.12509e-08	7.420891e-08	7.307057e-08	1.414906e-08	5.422864e-09	5.245205e-09	5.201349e-09	4.325192e-09	4.239101e-09	4.205735e-09
284	0.5297725	0.2692368	0.2654691	0.2503554	0.03477845	0.0005986246	0.0002634396	7.67893e-06	5.08357e-06	3.259398e-06	1.860497e-06	3.617863e-07	3.10681e-07	2.389731e-07	2.335128e-07	1.86154e-07	1.404173e-07	1.340802e-07	9.187098e-08	8.633025e-08	5.469526e-08	4.307518e-08	4.231406e-08	8.550924e-09	3.517774e-09	3.41267e-09	3.382511e-09	2.875654e-09	2.824026e-09
285	0.4811748	0.4071651	0.1819833	0.1806376	0.1697315	0.02640026	0.0004684428	0.0002091048	4.628982e-06	3.036772e-06	2.030641e-06	1.161923e-06	2.257812e-07	1.99303e-07	1.5603e-07	1.534222e-07	1.152813e-07	7.637806e-08	7.264828e-08	3.823554e-08	3.39451e-08	2.298064e-08	1.580824e-08	1.536584e-08	3.736092e-09	1.94791e-09	1.904974e-09	1.885988e-09	1.702996e-09
286	0.4974509	0.4311359	0.3720376	0.1556417	0.1544246	0.1433576	0.02208539	0.000346979	0.0001615597	1.701849e-06	8.89168e-07	4.99654e-07	3.379801e-07	1.32224e-07	1.172865e-07	9.003302e-08	8.833402e-08	6.110813e-08	4.552356e-08	4.315588e-08	1.867851e-08	1.608777e-08	1.154729e-08	6.997546e-09	6.750673e-09	1.822197e-09	1.034843e-09	1.013846e-09	1.00176e-09
287	0.9974995	0.4990566	0.4397521	0.3827971	0.1496412	0.1484005	0.1365431	0.02070031	0.0003122964	0.0001446424	1.227732e-06	5.79783e-07	2.909879e-07	2.148468e-07	1.048892e-07	9.322506e-08	7.144632e-08	7.071203e-08	4.85644e-08	3.565053e-08	3.397782e-08	1.414298e-08	1.20667e-08	8.771631e-09	5.151837e-09	4.987359e-09	1.353197e-09	7.675246e-10	7.523048e-10
288	0.5630319	0.5623495	0.4391893	0.4066883	0.3632191	0.1173896	0.1162413	0.1154412	0.01797691	0.0002569454	0.0001156834	9.00975e-07	4.276403e-07	2.067759e-07	1.501252e-07	7.044561e-08	6.250268e-08	4.809033e-08	4.753872e-08	3.348679e-08	2.374895e-08	2.254855e-08	1.023404e-08	8.481245e-09	6.074353e-09	3.771817e-09	3.646823e-09	9.613979e-10	5.313423e-10
289	0.5801122	0.5121174	0.5116795	0.4221413	0.3967182	0.3867686	0.1124382	0.1115516	0.1110055	0.01707281	0.0002218019	9.538167e-05	6.486374e-07	3.10204e-07	1.394684e-07	9.708961e-08	3.996686e-08	3.498033e-08	2.635876e-08	2.59458e-08	1.83847e-08	1.339805e-08	1.256007e-08	6.305788e-09	5.622749e-09	3.904618e-09	2.659431e-09	2.59102e-09	6.369191e-10
290	0.9703845	0.5881234	0.5287784	0.5283476	0.471157	0.4472981	0.438953	0.1218232	0.1208322	0.1203559	0.01839954	0.0002289709	9.51686e-05	5.943615e-07	2.861305e-07	1.224836e-07	8.264762e-08	3.049895e-08	2.647179e-08	1.982768e-08	1.95445e-08	1.430702e-08	1.012493e-08	9.422128e-09	5.409214e-09	4.810679e-09	3.272746e-09	2.404824e-09	2.345248e-09
291	0.5798428	0.5760738	0.2706589	0.2216774	0.221268	0.1760238	0.1629222	0.1563651	0.1207975	0.1196952	0.1192997	0.01704413	0.0001455229	3.406726e-05	3.014971e-07	1.516416e-07	7.573548e-08	5.133162e-08	1.758347e-08	1.541424e-08	1.143891e-08	1.126834e-08	8.55929e-09	5.452661e-09	4.912136e-09	3.271723e-09	2.81475e-09	1.892425e-09	1.497211e-09
292	0.366043	0.3585097	0.357123	0.194489	0.1610848	0.1607439	0.1290073	0.1199028	0.1152208	0.08896908	0.08867084	0.08835595	0.01257061	9.878874e-05	2.480758e-05	2.116993e-07	1.096433e-07	5.420635e-08	3.683029e-08	1.265848e-08	1.107943e-08	8.177374e-09	8.051876e-09	6.231758e-09	3.963422e-09	3.571944e-09	2.402834e-09	2.072306e-09	1.391545e-09
293	0.2041215	0.1705214	0.1669486	0.1662912	0.09373488	0.07809582	0.07778097	0.06310417	0.05881925	0.05663329	0.04370873	0.04356006	0.04344276	0.006095135	4.594116e-05	1.195347e-05	9.89639e-08	5.143196e-08	2.485516e-08	1.699856e-08	5.966301e-09	5.199071e-09	3.80989e-09	3.748636e-09	2.954855e-09	1.89269e-09	1.716385e-09	1.16308e-09	1.014763e-09
294	0.6270074	0.1538635	0.1398613	0.1368739	0.1363339	0.07794276	0.06524441	0.06519808	0.05338183	0.04988196	0.04815388	0.03714697	0.03702953	0.03693467	0.005104115	3.656398e-05	9.936751e-06	7.927692e-08	4.139445e-08	1.942428e-08	1.342189e-08	4.85923e-09	4.213058e-09	3.061951e-09	3.010249e-09	2.415117e-09	1.560905e-09	1.425821e-09	9.721311e-10
295	0.9983916	0.6275072	0.1518319	0.1375463	0.1344897	0.13394	0.07808957	0.06581005	0.06576484	0.05447145	0.05105838	0.04940573	0.03807811	0.03795781	0.03786666	0.005075838	3.50847e-05	9.835162e-06	7.769296e-08	4.092723e-08	1.893843e-08	1.311384e-08	4.830408e-09	4.170069e-09	3.021128e-09	2.968187e-09	2.384562e-09	1.567695e-09	1.44626e-09
