#unpaired probabilities
 #i$	l=1	2	3	4	5	6	7	8	9	10	11	12	13	14	15	16	17	18	19	20	21	22	23	24	25	26	27	28	29	
1	0.809715	NA	NA	NA	NA	NA	NA	NA	NA	NA	NA	NA	NA	NA	NA	NA	NA	NA	NA	NA	NA	NA	NA	NA	NA	NA	NA	NA	NA
2	0.3173097	0.3226087	NA	NA	NA	NA	NA	NA	NA	NA	NA	NA	NA	NA	NA	NA	NA	NA	NA	NA	NA	NA	NA	NA	NA	NA	NA	NA	NA
3	0.09719538	0.06581736	0.07845406	NA	NA	NA	NA	NA	NA	NA	NA	NA	NA	NA	NA	NA	NA	NA	NA	NA	NA	NA	NA	NA	NA	NA	NA	NA	NA
4	0.1381906	0.03981669	0.02486168	0.02793818	NA	NA	NA	NA	NA	NA	NA	NA	NA	NA	NA	NA	NA	NA	NA	NA	NA	NA	NA	NA	NA	NA	NA	NA	NA
5	0.2230069	0.08450708	0.02182419	0.01123346	0.01022991	NA	NA	NA	NA	NA	NA	NA	NA	NA	NA	NA	NA	NA	NA	NA	NA	NA	NA	NA	NA	NA	NA	NA	NA
6	0.1832316	0.121414	0.05959779	0.01501246	0.006821355	0.005097065	NA	NA	NA	NA	NA	NA	NA	NA	NA	NA	NA	NA	NA	NA	NA	NA	NA	NA	NA	NA	NA	NA	NA
7	0.4289273	0.07174327	0.06226216	0.05667784	0.01470542	0.006583916	0.004787345	NA	NA	NA	NA	NA	NA	NA	NA	NA	NA	NA	NA	NA	NA	NA	NA	NA	NA	NA	NA	NA	NA
8	0.3703558	0.1230471	0.06894601	0.06080484	0.05618233	0.01458463	0.006528758	0.004745827	NA	NA	NA	NA	NA	NA	NA	NA	NA	NA	NA	NA	NA	NA	NA	NA	NA	NA	NA	NA	NA
9	0.4005184	0.257414	0.08997904	0.06674697	0.05891867	0.05439993	0.01412964	0.006330019	0.004608349	NA	NA	NA	NA	NA	NA	NA	NA	NA	NA	NA	NA	NA	NA	NA	NA	NA	NA	NA	NA
10	0.4387977	0.3708246	0.2450476	0.08744655	0.06510747	0.0574811	0.05311843	0.01379476	0.006177646	0.004493841	NA	NA	NA	NA	NA	NA	NA	NA	NA	NA	NA	NA	NA	NA	NA	NA	NA	NA	NA
11	0.6818227	0.4317063	0.3635213	0.2438111	0.08712578	0.06491874	0.05736339	0.05304383	0.01377555	0.006168661	0.004486765	NA	NA	NA	NA	NA	NA	NA	NA	NA	NA	NA	NA	NA	NA	NA	NA	NA	NA
12	0.842599	0.5397924	0.3625685	0.3103361	0.2095941	0.07557248	0.05868787	0.05403763	0.05286904	0.01375819	0.006157267	0.004473615	NA	NA	NA	NA	NA	NA	NA	NA	NA	NA	NA	NA	NA	NA	NA	NA	NA
13	0.7441426	0.7180347	0.413808	0.332847	0.2902302	0.197211	0.07081769	0.05618205	0.05238731	0.05210894	0.01351295	0.005974307	0.004236709	NA	NA	NA	NA	NA	NA	NA	NA	NA	NA	NA	NA	NA	NA	NA	NA
14	0.7879372	0.7173102	0.6946786	0.3937138	0.32585	0.2845142	0.1928408	0.06947358	0.0551963	0.05177571	0.05163343	0.0133561	0.005857274	0.004084971	NA	NA	NA	NA	NA	NA	NA	NA	NA	NA	NA	NA	NA	NA	NA
15	0.7999931	0.780183	0.7139122	0.6915494	0.3911994	0.3240538	0.2831918	0.1922289	0.06920928	0.05498551	0.05157568	0.05143661	0.01328792	0.005804769	0.004015949	NA	NA	NA	NA	NA	NA	NA	NA	NA	NA	NA	NA	NA	NA
16	0.6861792	0.5817904	0.5581502	0.4870895	0.4818808	0.218127	0.1701834	0.1515556	0.1137696	0.04767143	0.04386209	0.04522788	0.05030114	0.01301018	0.005641623	0.003842876	NA	NA	NA	NA	NA	NA	NA	NA	NA	NA	NA	NA	NA
17	0.6199596	0.5863293	0.5423475	0.5201492	0.4601165	0.4576863	0.19511	0.1562139	0.1400319	0.1056861	0.04379079	0.04065151	0.04290492	0.04806742	0.01242959	0.005382053	0.003654533	NA	NA	NA	NA	NA	NA	NA	NA	NA	NA	NA	NA
18	0.5633839	0.4507431	0.4074464	0.3533274	0.318522	0.2448402	0.2261942	0.1881039	0.1502134	0.1351543	0.1018712	0.04279565	0.03995446	0.04232949	0.04761024	0.01231186	0.00532986	0.003617327	NA	NA	NA	NA	NA	NA	NA	NA	NA	NA	NA
19	0.6322071	0.5145799	0.4330722	0.3982481	0.3473395	0.3130208	0.23996	0.2212344	0.1829008	0.1493544	0.1344461	0.1013604	0.04250126	0.03968727	0.0420612	0.04731523	0.01222551	0.005278986	0.003562975	NA	NA	NA	NA	NA	NA	NA	NA	NA	NA
20	0.1184166	0.07983759	0.07933681	0.08140915	0.08427474	0.08539696	0.08572377	0.08887643	0.08514414	0.05058892	0.04379064	0.03638571	0.02751982	0.006397274	0.003455007	0.001949083	0.0003206027	7.004118e-05	3.360358e-05	2.747988e-05	NA	NA	NA	NA	NA	NA	NA	NA	NA
21	0.2832178	0.1142488	0.07569987	0.07578721	0.07833427	0.08109944	0.08209466	0.08494123	0.08819414	0.08454957	0.05002612	0.04325396	0.03587134	0.02703576	0.006305009	0.003396206	0.001892314	0.0002628904	5.503665e-05	2.693556e-05	2.271455e-05	NA	NA	NA	NA	NA	NA	NA	NA
22	0.5551073	0.2813309	0.1127138	0.07409736	0.07412438	0.07660841	0.07935729	0.08071639	0.08353652	0.08675651	0.08327788	0.04890621	0.04231632	0.03514807	0.02657008	0.006145978	0.003310618	0.00184672	0.0002611171	5.495767e-05	2.686743e-05	2.262234e-05	NA	NA	NA	NA	NA	NA	NA
23	0.7752221	0.333499	0.2668344	0.1111753	0.07260777	0.07268169	0.07515184	0.07788474	0.07923399	0.08204513	0.08525226	0.08194032	0.0477178	0.04130693	0.03434905	0.02602378	0.005922101	0.00321803	0.001793325	0.0002502143	5.218445e-05	2.516194e-05	2.07264e-05	NA	NA	NA	NA	NA	NA
24	0.7813296	0.6711552	0.2251251	0.1535521	0.1090045	0.07032349	0.07167963	0.07409167	0.07677295	0.0792206	0.08203139	0.08523811	0.08192589	0.04770284	0.04130371	0.03434642	0.02602187	0.005921116	0.003217224	0.001792984	0.00024995	5.211418e-05	2.51274e-05	2.069685e-05	NA	NA	NA	NA	NA
25	0.7474394	0.7278101	0.6154945	0.1677014	0.09731907	0.05021004	0.05178759	0.05212571	0.05355679	0.05495602	0.05594996	0.05711088	0.05850325	0.05302494	0.04769574	0.04129716	0.03434218	0.02601972	0.005920332	0.003216734	0.001792638	0.0002497922	5.206654e-05	2.509579e-05	2.065923e-05	NA	NA	NA	NA
26	0.7604546	0.7361637	0.7162194	0.6034958	0.1552541	0.08453619	0.04852839	0.05001817	0.05171569	0.05312344	0.05449923	0.05557262	0.05670725	0.05806927	0.05255552	0.04718426	0.04129408	0.03433949	0.02601751	0.005918655	0.003215057	0.001792334	0.0002495378	5.199576e-05	2.505726e-05	2.062144e-05	NA	NA	NA
27	0.8068278	0.7581128	0.7344043	0.7146514	0.6020604	0.1541603	0.08361375	0.04772672	0.04950706	0.05117921	0.05263523	0.05398464	0.05502879	0.05613675	0.057503	0.0519751	0.04705699	0.04117221	0.03427912	0.02598872	0.005908727	0.003209615	0.001789311	0.0002491718	5.190254e-05	2.49862e-05	2.052827e-05	NA	NA
28	0.8777276	0.8045461	0.7558292	0.7341183	0.7143992	0.6018404	0.1539889	0.08350659	0.04768479	0.04946342	0.05113989	0.05259452	0.05394497	0.05499474	0.05610183	0.05746704	0.05194155	0.0470254	0.04115026	0.03426067	0.02597447	0.005899375	0.003200563	0.001788414	0.000249071	5.188006e-05	2.497117e-05	2.051033e-05	NA
29	0.4356449	0.3630942	0.3017137	0.2462967	0.2147817	0.1871751	0.1511051	0.1068593	0.04663362	0.01951131	0.02014411	0.02073741	0.02122936	0.02170818	0.02209096	0.02249931	0.02300349	0.02100301	0.01926681	0.01718032	0.01474933	0.01183324	0.002345089	0.00128641	0.0007662261	0.0002057641	4.826729e-05	2.146132e-05	1.534397e-05
30	0.3890788	0.3426235	0.3033187	0.2443658	0.1898596	0.1588262	0.134231	0.09887338	0.05690299	0.02775956	0.003727188	0.003709262	0.003690042	0.003646377	0.003651171	0.003695	0.003753862	0.003822048	0.004037488	0.004328078	0.004667232	0.005098051	0.005620448	0.0002235229	0.0001447798	0.0001575449	0.0001819262	4.709143e-05	2.039554e-05
31	0.4216016	0.3730198	0.3389232	0.300133	0.2417116	0.1873806	0.1564934	0.1322891	0.09734892	0.05579732	0.0272494	0.003618207	0.003598772	0.003581102	0.003536238	0.003540193	0.003582957	0.003640706	0.003707372	0.003928262	0.004222633	0.004566305	0.005002236	0.005530491	0.0001398244	0.0001399603	0.0001546816	0.0001811555	4.685329e-05
32	0.7738444	0.4053518	0.3645679	0.3310878	0.292931	0.2377328	0.1847549	0.1548164	0.1309369	0.0963249	0.05510552	0.02691344	0.003587104	0.003568895	0.003553182	0.003509857	0.003515597	0.003560056	0.003619351	0.003687681	0.00391073	0.004206812	0.004552669	0.004990982	0.005522088	0.000134785	0.0001353016	0.0001504303	0.0001765147
33	0.8062966	0.7146397	0.3691093	0.3274454	0.2994022	0.2672707	0.2116374	0.1593176	0.1287773	0.1039764	0.07812068	0.0526383	0.02469286	0.00137428	0.001245483	0.001106207	0.0009223052	0.000771364	0.0006373605	0.0004925402	0.0003251868	0.0002836683	0.0002659942	0.000233658	0.0002093238	0.0001616073	0.0001257005	0.0001301058	0.0001472804
34	0.5743053	0.4668755	0.3878755	0.1470884	0.1226976	0.1179191	0.1073122	0.09399473	0.08611448	0.07644358	0.06178432	0.04618647	0.0309112	0.0146818	0.0008153935	0.0007381921	0.0006545707	0.0005284112	0.000437293	0.0003566495	0.0002654036	0.0001569941	0.0001328034	0.000123221	9.993047e-05	8.551775e-05	4.937521e-05	2.643313e-05	2.303101e-05
35	0.5558978	0.5107349	0.4338723	0.3547589	0.1340654	0.1097651	0.1064831	0.09605138	0.0845504	0.07800556	0.07284547	0.05887979	0.04402034	0.02946797	0.01400092	0.0007849073	0.0007115958	0.0006325764	0.0005104999	0.0004234755	0.0003471718	0.0002597912	0.0001556803	0.0001319992	0.0001224594	9.932277e-05	8.497481e-05	4.890859e-05	2.605331e-05
36	0.5603003	0.5127259	0.4736174	0.4014626	0.3240459	0.122725	0.09844193	0.09532552	0.09306388	0.08238494	0.07634361	0.07148676	0.05809268	0.04342815	0.0290678	0.01380469	0.0007631531	0.0006903935	0.0006118514	0.0004900935	0.0004032443	0.0003267986	0.0002393129	0.00014199	0.0001187897	0.0001081278	8.361761e-05	6.759248e-05	4.855714e-05
37	0.8773838	0.518018	0.4713712	0.4316382	0.3600885	0.2819586	0.1059851	0.09725207	0.0941097	0.09290788	0.08224405	0.07626425	0.07141269	0.05802361	0.04338037	0.02902473	0.01376619	0.0007280968	0.0006537643	0.0005732369	0.000489227	0.0004023723	0.0003259101	0.0002384108	0.0001410762	0.000118356	0.0001077819	8.324508e-05	6.718761e-05
38	0.9109334	0.8501064	0.5154761	0.4690087	0.4294925	0.3582802	0.2801594	0.105369	0.09668385	0.09360928	0.09246186	0.08191086	0.07604427	0.07124745	0.05789029	0.04327989	0.02895694	0.01373366	0.0007256162	0.0006514215	0.0005710422	0.0004871805	0.0004012914	0.0003250082	0.0002376873	0.0001405494	0.000117889	0.0001073451	8.284612e-05
39	0.5902897	0.5652935	0.549285	0.3525267	0.3250538	0.292822	0.2919177	0.2149595	0.07580076	0.0698615	0.067748	0.0670092	0.05928195	0.05519011	0.05198724	0.04225892	0.03161695	0.02118247	0.01005852	0.0005557845	0.0005025216	0.0004445853	0.0003827457	0.0003187534	0.0002606656	0.0001937146	0.000119214	9.906563e-05	8.82211e-05
40	0.07333274	0.06606351	0.05829134	0.05337961	0.04301984	0.02778911	0.02375063	0.02253051	0.02157362	0.004358665	0.003995433	0.003865882	0.003688532	0.003234927	0.003000825	0.00282803	0.002306927	0.001749194	0.001193102	0.0006012159	9.527368e-05	9.524635e-05	9.479398e-05	9.363296e-05	9.20212e-05	9.00081e-05	8.747457e-05	8.486131e-05	7.467067e-05
41	0.03394068	0.02163902	0.01837293	0.01445461	0.01233806	0.01143112	0.01126125	0.01114595	0.01097019	0.01114583	0.0003792712	0.0003188966	0.0003026523	0.0001598691	0.00014641	0.0001389594	0.0001330437	0.0001161618	0.000108611	9.404724e-05	7.950711e-05	6.667882e-05	6.941925e-05	7.200749e-05	7.426201e-05	7.626433e-05	7.769571e-05	7.917072e-05	8.101163e-05
42	0.7893108	0.03193299	0.02124869	0.01801066	0.01410335	0.01200406	0.0111161	0.01095981	0.01109089	0.01091951	0.01110015	0.0003616066	0.0003044064	0.0002886012	0.000146019	0.0001342826	0.0001277495	0.0001224835	0.0001075665	0.0001021857	8.973616e-05	7.744963e-05	6.654547e-05	6.930633e-05	7.190579e-05	7.418265e-05	7.619894e-05	7.764362e-05	7.913496e-05
43	0.03046835	0.01526591	0.004658414	0.003009895	0.002250968	0.002016852	0.00172168	0.001609573	0.001546523	0.001571464	0.001547533	0.001573151	5.777002e-05	5.073474e-05	4.851122e-05	2.86285e-05	2.621437e-05	2.354346e-05	2.139671e-05	1.850378e-05	1.689691e-05	1.431534e-05	1.169968e-05	9.391301e-06	9.774695e-06	1.013271e-05	1.044394e-05	1.071874e-05	1.091485e-05
44	0.0005116631	0.0003252377	0.0003056798	0.0001857077	2.136435e-06	1.699721e-06	1.48097e-06	1.243513e-06	1.162467e-06	1.128443e-06	1.145346e-06	1.113278e-06	1.131684e-06	4.155744e-08	3.646948e-08	3.481335e-08	2.052535e-08	1.861865e-08	1.668391e-08	1.517938e-08	1.315924e-08	1.203933e-08	1.023588e-08	8.394565e-09	6.756026e-09	7.032488e-09	7.290482e-09	7.510791e-09	7.703207e-09
45	0.003062598	0.0001248488	0.000107262	0.0001064283	2.474614e-06	1.578504e-07	1.283513e-07	1.128417e-07	9.648687e-08	9.003722e-08	8.779267e-08	8.844639e-08	8.677524e-08	8.822956e-08	3.217936e-09	2.825988e-09	2.692424e-09	1.579857e-09	1.372791e-09	1.217107e-09	1.113343e-09	9.754789e-10	9.002069e-10	7.765727e-10	6.474918e-10	5.268624e-10	5.486435e-10	5.690967e-10	5.861246e-10
46	0.00515945	0.0005676685	6.087282e-06	1.807203e-06	1.252802e-06	1.907735e-07	3.149635e-08	2.608829e-08	2.271841e-08	1.958365e-08	1.834747e-08	1.81251e-08	1.76227e-08	1.734058e-08	1.763188e-08	6.810499e-10	5.722602e-10	5.453376e-10	3.239362e-10	2.789752e-10	2.469075e-10	2.263098e-10	1.989156e-10	1.839888e-10	1.592123e-10	1.320619e-10	1.050579e-10	1.094011e-10	1.134725e-10
47	0.000119421	2.532282e-05	3.231206e-06	3.647695e-08	1.27603e-08	9.113812e-09	9.051085e-10	1.280227e-10	1.060986e-10	9.350557e-11	8.159887e-11	7.666263e-11	7.599959e-11	7.625001e-11	7.5127e-11	7.642714e-11	4.69911e-12	4.455464e-12	4.116653e-12	3.286327e-12	1.964156e-12	1.510504e-12	1.436273e-12	1.341596e-12	1.306965e-12	1.15639e-12	5.99639e-13	4.449162e-13	4.632061e-13
48	0.01644043	7.825147e-05	1.462292e-05	1.673251e-06	1.678514e-08	4.344056e-09	2.74301e-09	4.613564e-10	9.010222e-11	7.403646e-11	6.499124e-11	5.606801e-11	5.247183e-11	5.183414e-11	5.215966e-11	5.138563e-11	5.224883e-11	1.985893e-12	1.737011e-12	1.652921e-12	1.010194e-12	8.638964e-13	7.668727e-13	7.085908e-13	6.303244e-13	5.88025e-13	5.146733e-13	4.197601e-13	3.115044e-13
49	0.001175988	0.0001665351	9.875791e-07	2.926352e-07	2.977179e-08	2.806032e-10	4.250021e-11	3.01557e-11	4.064194e-12	1.604769e-12	1.452597e-12	1.451408e-12	1.469044e-12	1.464499e-12	1.497078e-12	1.416466e-12	1.444189e-12	1.474519e-12	5.718074e-14	4.92864e-14	4.855743e-14	4.803851e-14	4.546767e-14	4.550119e-14	4.691264e-14	4.823205e-14	4.974791e-14	4.917976e-14	3.792122e-14
50	0.0154117	0.000339286	0.0001220288	8.345014e-07	2.597734e-07	2.545541e-08	2.308489e-10	2.450888e-11	1.677789e-11	3.045947e-12	1.492458e-12	1.368073e-12	1.373978e-12	1.397144e-12	1.397477e-12	1.430203e-12	1.352957e-12	1.381454e-12	1.41079e-12	5.088992e-14	4.339443e-14	4.312402e-14	4.314591e-14	4.290023e-14	4.37083e-14	4.518123e-14	4.656196e-14	4.809487e-14	4.770713e-14
51	0.03430579	0.01062371	0.0002492652	8.447396e-05	7.504198e-07	2.487861e-07	2.443791e-08	2.106489e-10	2.173531e-11	1.490386e-11	2.758682e-12	1.419257e-12	1.314404e-12	1.332966e-12	1.357091e-12	1.358229e-12	1.390769e-12	1.318092e-12	1.34645e-12	1.375303e-12	4.829765e-14	4.131951e-14	4.12581e-14	4.15521e-14	4.183793e-14	4.283006e-14	4.431731e-14	4.572447e-14	4.727582e-14
52	0.4936347	0.03378307	0.01043434	0.0002451238	8.296502e-05	7.464521e-07	2.480831e-07	2.436216e-08	2.098468e-10	2.155649e-11	1.480051e-11	2.744857e-12	1.416253e-12	1.312152e-12	1.330764e-12	1.35502e-12	1.356307e-12	1.38883e-12	1.316255e-12	1.344614e-12	1.373437e-12	4.817202e-14	4.121204e-14	4.115924e-14	4.146307e-14	4.177001e-14	4.277082e-14	4.425835e-14	4.566576e-14
53	0.480242	0.01648316	0.0077628	0.00330449	6.151048e-05	2.743064e-05	5.861496e-07	2.174764e-07	2.082875e-08	1.230359e-10	6.47862e-12	4.143282e-12	1.432469e-12	8.016072e-13	7.172612e-13	7.295737e-13	7.450407e-13	7.491142e-13	7.675399e-13	7.388628e-13	7.571131e-13	7.727315e-13	2.095331e-14	1.835127e-14	1.845355e-14	1.865892e-14	1.897464e-14	1.950589e-14	2.017216e-14
54	0.03028761	0.02898093	0.001415571	0.0006665752	0.0002853126	5.379403e-06	2.430443e-06	8.02547e-08	3.209424e-08	4.249997e-09	7.325315e-12	8.666629e-13	7.104247e-13	5.5763e-13	1.337767e-13	4.305557e-14	4.123142e-14	4.189142e-14	3.983162e-14	4.075721e-14	4.00448e-14	4.103465e-14	4.189896e-14	1.283003e-15	1.129438e-15	1.136332e-15	1.152822e-15	1.175376e-15	1.209572e-15
55	0.005830222	0.001925142	0.001633386	0.0002417053	0.0001274644	5.499943e-05	1.026284e-06	4.66157e-07	1.481875e-08	5.893552e-09	7.800114e-10	1.392335e-12	1.661531e-13	1.357483e-13	1.064029e-13	1.032497e-13	1.222334e-14	9.770764e-15	9.784108e-15	7.571717e-15	7.705336e-15	7.388384e-15	7.570394e-15	7.729871e-15	2.590008e-16	2.292182e-16	2.307002e-16	2.340992e-16	2.386302e-16
56	0.001426876	0.00031416	9.133425e-05	7.223367e-05	1.527443e-05	8.279178e-06	3.588443e-06	6.525925e-08	2.89649e-08	5.554469e-10	2.080452e-10	2.71787e-11	5.93864e-14	1.102469e-14	9.833381e-15	8.542248e-15	5.461791e-15	5.281987e-15	2.717612e-15	2.589463e-15	3.168212e-16	2.797419e-16	2.640928e-16	2.699891e-16	2.756509e-16	1.219661e-17	1.104187e-17	1.093923e-17	1.105378e-17
57	0.001971084	0.0001356452	3.545845e-05	7.09027e-06	4.412264e-06	1.918268e-06	1.009034e-06	4.406155e-07	8.009431e-09	3.583887e-09	6.226136e-11	1.78085e-11	2.120238e-12	1.058272e-14	5.559314e-15	5.521023e-15	5.424755e-15	2.352763e-15	2.412071e-15	2.470795e-15	2.33907e-15	7.017551e-17	2.726266e-17	2.432157e-17	2.440365e-17	2.492045e-17	1.759172e-18	1.564042e-18	1.533979e-18
58	0.004412462	0.0004359113	4.744355e-05	1.489551e-05	2.580807e-06	1.343823e-06	9.392103e-07	5.313786e-07	2.343157e-07	4.267407e-09	1.928456e-09	2.000774e-11	1.76094e-12	1.375189e-14	2.201566e-15	2.022877e-15	2.059571e-15	2.096016e-15	2.147775e-15	2.202236e-15	2.255713e-15	2.31653e-15	4.761554e-17	4.174655e-18	1.594114e-18	1.615847e-18	1.649797e-18	1.210964e-19	1.047563e-19
59	0.008536864	0.001884342	0.0001178489	1.013875e-05	3.155365e-06	5.447306e-07	2.832167e-07	1.981889e-07	1.118195e-07	4.89918e-08	8.487232e-10	3.81902e-10	2.394318e-12	3.165773e-13	4.473388e-15	2.036519e-15	2.003563e-15	2.046199e-15	2.090979e-15	2.14282e-15	2.197663e-15	2.255436e-15	2.31627e-15	4.738892e-17	3.962604e-18	1.407233e-18	1.430804e-18	1.467026e-18	4.395125e-20
60	0.01181177	0.003096228	0.000701378	5.993661e-05	5.854836e-06	1.837596e-06	3.168916e-07	1.647579e-07	1.153452e-07	6.511751e-08	2.863181e-08	4.768309e-10	2.146352e-10	1.530277e-12	2.476462e-13	1.589496e-15	9.195055e-17	4.501424e-17	4.360659e-17	4.164403e-17	4.253612e-17	4.359142e-17	4.471854e-17	4.590367e-17	4.716509e-17	3.741595e-18	1.184674e-18	1.213468e-18	1.246401e-18
61	0.00950468	0.002893983	0.001018015	0.0002380776	1.627721e-05	1.140223e-06	3.53953e-07	5.940979e-08	3.069799e-08	2.139339e-08	1.1918e-08	5.156469e-09	9.281467e-11	4.166248e-11	1.453589e-13	2.133017e-14	9.04002e-16	3.106084e-17	5.30322e-18	4.096175e-18	2.500122e-18	2.483241e-18	2.532871e-18	2.591006e-18	2.648816e-18	2.715806e-18	2.790776e-18	4.86766e-19	4.970737e-19
62	0.004395235	0.001659269	0.0006471269	0.0002343266	5.618788e-05	4.822448e-06	1.316145e-07	3.561944e-08	4.298716e-09	2.092333e-09	1.372623e-09	6.494646e-10	2.744097e-10	4.960168e-12	2.232094e-12	2.121271e-14	6.281862e-15	7.601187e-16	2.325608e-17	2.646e-18	1.757858e-18	4.406333e-19	4.051507e-19	4.106312e-19	4.188798e-19	4.244187e-19	4.332268e-19	4.449716e-19	4.565617e-19
63	0.03942188	0.004340304	0.001650356	0.0006444753	0.0002334038	5.597005e-05	4.806376e-06	1.303566e-07	3.523299e-08	4.233211e-09	2.058451e-09	1.349016e-09	6.363294e-10	2.688201e-10	4.858583e-12	2.186419e-12	2.101992e-14	6.254962e-15	7.59501e-16	2.317735e-17	2.630417e-18	1.751283e-18	4.379642e-19	4.025576e-19	4.079883e-19	4.161772e-19	4.227291e-19	4.315208e-19	4.432193e-19
64	0.0211359	0.005711906	0.001125775	0.0005077502	0.0001931496	6.870532e-05	1.626083e-05	1.399475e-06	5.117834e-08	1.193839e-08	1.633837e-09	8.126279e-10	5.43388e-10	2.797575e-10	1.204431e-10	2.149042e-12	9.704225e-13	1.49579e-14	5.110602e-15	6.273979e-16	2.176646e-17	2.223643e-18	1.472046e-18	4.058549e-19	3.946123e-19	4.012662e-19	4.101743e-19	4.174664e-19	4.269621e-19
65	0.8999722	0.008219189	0.002833245	0.0006170734	0.0002747232	0.0001039924	3.537847e-05	8.382156e-06	7.170094e-07	3.371161e-08	6.788659e-09	1.024211e-09	5.232203e-10	3.57029e-10	1.984493e-10	8.627736e-11	1.573898e-12	7.12294e-13	1.289568e-14	4.755907e-15	5.84727e-16	8.795982e-18	6.836679e-19	4.11969e-19	1.541332e-20	1.093917e-20	9.005626e-21	8.615443e-21	7.042499e-21
66	0.9580849	0.8939994	0.005925522	0.001465765	0.000291527	0.000141101	5.331119e-05	1.7419e-05	4.093165e-06	3.490866e-07	1.688875e-08	3.430016e-09	4.954423e-10	2.565746e-10	1.78869e-10	1.000157e-10	4.373016e-11	7.819426e-13	3.521365e-13	2.427362e-15	6.306032e-16	4.009434e-17	7.848276e-18	6.246858e-19	3.786543e-19	6.395272e-21	3.973323e-21	2.53865e-21	2.052218e-21
67	0.9216633	0.8928279	0.8924387	0.005397841	0.001189321	0.0002224981	9.9786e-05	3.755683e-05	1.203195e-05	2.819005e-06	2.498737e-07	1.162397e-08	2.77838e-09	4.020409e-10	2.081083e-10	1.452688e-10	8.124774e-11	3.554112e-11	6.337779e-13	2.856612e-13	2.121728e-15	5.454953e-16	2.943837e-17	7.625885e-18	6.148026e-19	3.719404e-19	3.548046e-21	1.436942e-21	1.383187e-21
68	0.6285414	0.6285807	0.6273598	0.631801	0.00368189	0.0007419462	0.0001221051	5.94524e-05	2.253739e-05	7.495582e-06	1.74247e-06	1.210706e-07	7.500971e-09	1.559089e-09	2.536338e-10	1.316427e-10	9.209311e-11	5.181755e-11	2.266362e-11	3.997399e-13	1.801891e-13	1.553383e-15	3.84872e-16	2.518863e-17	6.98762e-18	5.58352e-19	3.374585e-19	2.639459e-21	1.271667e-21
69	0.6360083	0.6082576	0.6110626	0.6149777	0.6211477	0.003265721	0.0005389882	7.288236e-05	2.992176e-05	1.135765e-05	3.710372e-06	8.500185e-07	5.15813e-08	3.6991e-09	1.062675e-09	1.811319e-10	9.408248e-11	6.588028e-11	3.71412e-11	1.624027e-11	2.830913e-13	1.2771e-13	1.329846e-15	3.618583e-16	2.408163e-17	6.94232e-18	5.534966e-19	3.3451e-19	2.366963e-21
70	0.7569716	0.5293047	0.5157874	0.5195489	0.524127	0.5301472	0.002574046	0.000356996	4.48729e-05	1.859041e-05	7.001852e-06	2.245902e-06	5.132661e-07	3.229282e-08	2.317578e-09	6.646924e-10	1.130918e-10	5.874263e-11	4.11271e-11	2.318492e-11	1.013846e-11	1.773973e-13	8.003897e-14	8.729296e-16	2.514178e-16	1.944529e-17	4.016037e-18	3.203935e-19	1.935278e-19
71	0.05106425	0.01160149	0.006581291	0.005072677	0.004333147	0.003598726	0.003212256	0.0001064772	4.933159e-05	9.155309e-06	4.579222e-06	1.669131e-06	4.648607e-07	1.056638e-07	9.923571e-09	6.239368e-10	1.472022e-10	2.399277e-11	1.245946e-11	8.704576e-12	4.897379e-12	2.141798e-12	3.936083e-14	1.779685e-14	2.71512e-16	1.026176e-16	1.328638e-17	6.575604e-20	5.267375e-21
72	0.8599219	0.04870284	0.01053479	0.006060956	0.004651621	0.003943753	0.003245242	0.002875102	0.0001001658	4.681238e-05	8.698514e-06	4.368431e-06	1.587445e-06	4.364132e-07	9.90431e-08	9.419513e-09	5.955065e-10	1.406851e-10	2.292546e-11	1.19054e-11	8.319714e-12	4.68188e-12	2.047813e-12	3.761509e-14	1.704678e-14	2.646933e-16	1.007211e-16	1.316604e-17	4.377723e-20
73	0.1195962	0.1162789	0.03751628	0.003274091	0.001443654	0.0009535827	0.0006944001	0.0003451305	0.0001857506	4.051034e-05	2.387395e-05	4.691527e-06	2.688413e-06	1.027244e-06	3.452679e-07	8.223979e-08	7.589152e-09	3.894914e-10	7.617049e-11	1.181174e-11	6.126021e-12	4.26709e-12	2.389725e-12	1.038471e-12	1.926763e-14	8.792692e-15	2.503416e-16	9.932712e-17	1.310935e-17
74	0.01349342	0.007445398	0.006927974	0.001140606	0.0003316154	0.0001969254	0.0001303556	9.057268e-05	5.477552e-05	3.29507e-05	6.278746e-06	3.657954e-06	7.148311e-07	4.074106e-07	1.549613e-07	5.190044e-08	1.234711e-08	1.139129e-09	5.865762e-11	1.164169e-11	1.810372e-12	9.392845e-13	6.521638e-13	3.65406e-13	1.588174e-13	2.935438e-15	1.337823e-15	3.692916e-17	1.454331e-17
75	0.03422747	0.001684254	0.0005110967	0.0004445513	7.122516e-05	3.311821e-05	2.115091e-05	1.523955e-05	1.18836e-05	9.042949e-06	7.308685e-06	4.843752e-07	2.383144e-07	4.48856e-08	2.249188e-08	8.352009e-09	2.52663e-09	5.863921e-10	5.416532e-11	3.303646e-12	7.592016e-13	1.228283e-13	6.368936e-14	4.421561e-14	2.471203e-14	1.076166e-14	1.943067e-16	8.678976e-17	1.62744e-18
76	0.06103519	0.03113785	0.0007994763	0.00013873	9.005016e-05	3.506368e-05	2.140529e-05	1.431158e-05	1.082983e-05	8.906813e-06	7.365945e-06	6.421931e-06	2.597566e-07	1.073455e-07	1.82135e-08	7.513055e-09	2.629505e-09	6.062501e-10	1.293884e-10	1.220905e-11	1.116155e-12	3.301239e-13	5.614106e-14	2.908791e-14	2.02672e-14	1.133743e-14	4.982748e-15	9.0128e-17	4.060785e-17
77	0.8585049	0.06027195	0.03053173	0.0007780192	0.0001235777	7.888944e-05	3.390421e-05	2.105304e-05	1.41032e-05	1.069378e-05	8.815931e-06	7.317373e-06	6.398796e-06	2.50892e-07	1.022124e-07	1.725451e-08	6.977779e-09	2.425552e-09	5.35891e-10	1.125013e-10	1.060671e-11	1.02488e-12	3.105106e-13	5.313984e-14	2.760289e-14	1.928604e-14	1.08597e-14	4.776665e-15	8.640115e-17
78	0.064372	0.05805694	0.008075573	0.00649048	7.419888e-05	2.27637e-05	1.353223e-05	6.547277e-06	4.064573e-06	2.56192e-06	1.707613e-06	1.192517e-06	7.636795e-07	4.857318e-07	7.752073e-08	3.450455e-08	5.630397e-09	2.173062e-09	7.904355e-10	2.248479e-10	5.053963e-11	4.002588e-12	3.571686e-13	1.089606e-13	1.861677e-14	9.645833e-15	6.743782e-15	3.785232e-15	1.663246e-15
79	0.01789895	0.01113325	0.007393531	0.006549209	0.006158674	3.598391e-05	6.954121e-06	4.38328e-06	2.470865e-06	1.810627e-06	1.238968e-06	8.667401e-07	6.321818e-07	4.337543e-07	3.070995e-07	4.065594e-08	1.885896e-08	3.092298e-09	1.269929e-09	4.811056e-10	1.63208e-10	3.80238e-11	2.693983e-12	2.224635e-13	6.786406e-14	1.15769e-14	5.99504e-15	4.191001e-15	2.351471e-15
80	0.1251106	0.003107595	0.002666626	0.0005962583	0.0003848003	0.0003030557	2.955546e-06	9.01563e-07	6.473426e-07	4.137438e-07	3.317825e-07	1.859806e-07	1.290026e-07	8.854367e-08	5.351972e-08	3.061567e-08	7.260394e-09	3.473543e-09	6.093196e-10	2.798162e-10	1.006596e-10	3.555759e-11	8.643543e-12	9.555298e-13	9.194681e-14	2.864547e-14	4.890573e-15	2.537441e-15	1.777043e-15
81	0.007502694	0.005136272	0.0004487613	0.0003621206	8.850565e-05	3.078896e-05	1.524539e-05	4.551997e-07	2.638343e-07	2.239905e-07	1.817506e-07	1.704299e-07	7.258687e-08	5.158748e-08	3.395089e-08	1.843701e-08	8.347641e-09	2.318141e-09	9.669246e-10	1.45498e-10	4.711546e-11	1.757262e-11	6.145095e-12	1.50262e-12	1.758719e-13	1.706553e-14	5.34756e-15	9.126044e-16	4.737162e-16
82	0.01102289	0.002190056	0.0007772979	0.0002710786	0.0002089493	4.555786e-05	1.088805e-05	1.080274e-06	3.13863e-07	2.213039e-07	1.950084e-07	1.65027e-07	1.582523e-07	6.364275e-08	4.626249e-08	3.019391e-08	1.604901e-08	6.864772e-09	1.954929e-09	7.800762e-10	1.112393e-10	3.049652e-11	1.152151e-11	4.000144e-12	9.845355e-13	1.219883e-13	1.243399e-14	3.909638e-15	6.703349e-16
83	0.8319565	0.01078071	0.002137575	0.0007551288	0.0002682668	0.0002072236	4.504004e-05	1.068352e-05	1.015731e-06	2.989278e-07	2.101351e-07	1.850519e-07	1.642226e-07	1.576553e-07	6.320491e-08	4.595353e-08	2.999988e-08	1.593349e-08	6.799646e-09	1.937114e-09	7.721293e-10	1.101104e-10	3.01318e-11	1.138217e-11	3.953246e-12	9.736929e-13	1.21294e-13	1.237672e-14	3.891881e-15
84	0.833617	0.8312805	0.01051545	0.002088226	0.0007362028	0.0002656898	0.0002057798	4.447398e-05	1.051925e-05	9.847178e-07	2.941755e-07	2.076785e-07	1.836506e-07	1.634349e-07	1.57063e-07	6.282731e-08	4.567567e-08	2.98383e-08	1.584222e-08	6.753145e-09	1.923223e-09	7.650717e-10	1.086923e-10	2.938242e-11	1.11441e-11	3.929821e-12	9.683319e-13	1.208046e-13	1.233033e-14
85	0.8376818	0.8326838	0.8309064	0.01029329	0.001968722	0.0006285275	0.0002381225	0.0001947349	4.333086e-05	1.035632e-05	8.957934e-07	2.123115e-07	1.256668e-07	1.007338e-07	7.958636e-08	7.210307e-08	6.175099e-08	4.478213e-08	2.914806e-08	1.53325e-08	6.358415e-09	1.816021e-09	7.246397e-10	1.033812e-10	2.847446e-11	1.062725e-11	3.871899e-12	9.5458e-13	1.197484e-13
86	0.9528315	0.8245511	0.8230166	0.8255452	0.007806342	0.001346763	0.0002823704	7.354401e-05	3.814181e-05	1.355584e-05	5.260521e-06	7.385869e-07	1.76444e-07	1.091703e-07	8.870359e-08	7.230604e-08	6.642077e-08	5.710065e-08	4.24943e-08	2.750987e-08	1.430532e-08	5.764169e-09	1.569734e-09	5.892435e-10	7.640283e-11	1.381679e-11	5.393368e-12	1.949774e-12	4.804975e-13
87	0.9573528	0.9287205	0.8128415	0.8157329	0.8204164	0.005415965	0.0009355303	0.0002202957	5.517346e-05	3.14717e-05	9.450155e-06	3.534407e-06	5.115904e-07	9.99808e-08	5.519613e-08	4.024562e-08	2.933642e-08	2.526743e-08	2.079085e-08	1.485077e-08	9.357671e-09	4.972053e-09	2.136778e-09	5.747348e-10	2.133692e-10	2.880919e-11	6.672622e-12	2.543449e-12	8.698514e-13
88	0.1898697	0.1730484	0.1389635	0.01668614	0.01186757	0.008181117	0.003943932	0.0006253565	0.0001124445	3.479814e-05	1.780016e-05	6.40643e-06	2.509891e-06	3.810011e-07	5.474559e-08	2.303117e-08	1.509588e-08	7.481377e-09	4.52073e-09	2.866223e-09	1.883466e-09	1.3048e-09	8.36999e-10	5.35127e-10	1.381101e-10	4.767052e-11	7.698072e-12	3.338213e-12	1.214086e-12
89	0.05800354	0.05272741	0.0477068	0.01603563	0.008009366	0.006391078	0.004507919	0.002068537	0.0003829305	6.736215e-05	2.256544e-05	1.242774e-05	3.99512e-06	1.545424e-06	1.83134e-07	3.435053e-08	1.450176e-08	9.482776e-09	4.493449e-09	2.531495e-09	1.508645e-09	9.534904e-10	6.21361e-10	3.559961e-10	1.836973e-10	5.508463e-11	2.284667e-11	3.873371e-12	1.63344e-12
90	0.04174565	0.03701516	0.03665855	0.03659599	0.005774313	0.005067376	0.004588294	0.003601761	0.001688501	0.0002930867	4.680063e-05	1.39279e-05	5.195006e-06	3.125396e-06	1.271303e-06	1.522915e-07	2.999848e-08	1.265807e-08	8.255904e-09	3.835708e-09	2.094231e-09	1.208766e-09	7.458999e-10	4.715694e-10	2.549779e-10	1.151077e-10	3.46446e-11	1.46751e-11	2.367697e-12
91	0.05131812	0.04059651	0.03647884	0.0362303	0.03624753	0.005446979	0.004967068	0.004517603	0.003558164	0.001668258	0.0002885173	4.471529e-05	1.342047e-05	4.769939e-06	3.034776e-06	1.251193e-06	1.505321e-07	2.972169e-08	1.253601e-08	8.17162e-09	3.786861e-09	2.06202e-09	1.184801e-09	7.33439e-10	4.627123e-10	2.492468e-10	1.114746e-10	3.340512e-11	1.416189e-11
92	0.1292433	0.04877137	0.03873841	0.03629533	0.03612269	0.03615877	0.005377712	0.004917354	0.004480615	0.003531277	0.001655702	0.0002863559	4.437367e-05	1.331596e-05	4.72844e-06	3.011658e-06	1.241435e-06	1.487784e-07	2.936447e-08	1.23136e-08	7.980277e-09	3.62521e-09	1.910756e-09	1.051371e-09	6.286101e-10	3.882533e-10	2.030373e-10	8.345366e-11	2.416501e-11
93	0.9019758	0.1231079	0.04829632	0.03847031	0.03619353	0.03603602	0.03608076	0.005316433	0.004864578	0.004434903	0.003495928	0.00163926	0.0002835194	4.393464e-05	1.318373e-05	4.680664e-06	2.981789e-06	1.229241e-06	1.47327e-07	2.902918e-08	1.21429e-08	7.852369e-09	3.539279e-09	1.840884e-09	9.939866e-10	5.841819e-10	3.648453e-10	1.907086e-10	7.828895e-11
94	0.3443202	0.2500292	0.08272774	0.04810714	0.03838255	0.03613312	0.03598145	0.03602978	0.005280036	0.004830619	0.004404278	0.00347186	0.001628237	0.0002815801	4.359482e-05	1.305094e-05	4.60409e-06	2.91604e-06	1.221172e-06	1.464158e-07	2.883025e-08	1.2053e-08	7.796304e-09	3.511167e-09	1.823742e-09	9.828328e-10	5.766582e-10	3.605216e-10	1.88465e-10
95	0.3064753	0.2904344	0.1998806	0.0525891	0.01870544	0.008859731	0.00630867	0.005830984	0.005542265	0.00524895	0.004801729	0.004379245	0.003452951	0.001619573	0.0002801062	4.336475e-05	1.298137e-05	4.579394e-06	2.90013e-06	1.215093e-06	1.457853e-07	2.869861e-08	1.199896e-08	7.762972e-09	3.495367e-09	1.814626e-09	9.777216e-10	5.734315e-10	3.584276e-10
96	0.339911	0.3006202	0.2850767	0.1949662	0.05110478	0.01825221	0.00857844	0.006055769	0.005586014	0.005303077	0.005013406	0.004714625	0.004302281	0.003392404	0.00159116	0.0002751912	4.260394e-05	1.275434e-05	4.50016e-06	2.850358e-06	1.194953e-06	1.435689e-07	2.823158e-08	1.180351e-08	7.637535e-09	3.440201e-09	1.786861e-09	9.630047e-10	5.648025e-10
97	0.2582337	0.2154968	0.1977823	0.1839091	0.1711997	0.04853827	0.01703023	0.007759973	0.005818991	0.005373893	0.005107659	0.004833621	0.004550799	0.004166966	0.003288603	0.001542245	0.0002666291	4.129632e-05	1.235558e-05	4.349737e-06	2.753877e-06	1.148329e-06	1.279664e-07	2.735206e-08	1.140009e-08	7.355924e-09	3.28139e-09	1.676922e-09	8.952178e-10
98	0.588995	0.02761745	0.02370056	0.01929431	0.01760065	0.01648408	0.009134535	0.00362974	0.001696992	0.0007165371	0.0006574268	0.0006237144	0.0005895589	0.0005125118	0.0004660283	0.0003669224	0.0001720444	2.974958e-05	4.607946e-06	1.378084e-06	4.862238e-07	3.083661e-07	1.295508e-07	1.608408e-08	3.070263e-09	1.310281e-09	8.504317e-10	3.946546e-10	2.16758e-10
99	0.01276921	0.01162869	0.009096185	0.008247072	0.005352466	0.004734033	0.004546524	0.001945484	0.001111282	0.0009808242	0.0001166847	0.0001041546	9.850484e-05	9.409454e-05	4.258732e-05	3.6622e-05	2.812831e-05	1.321016e-05	2.291782e-06	3.577135e-07	1.063897e-07	3.87571e-08	2.500649e-08	1.151468e-08	3.13486e-09	2.714064e-10	1.131803e-10	7.798721e-11	4.477883e-11
100	0.3944369	0.01117363	0.01032318	0.008369547	0.008206779	0.00531692	0.004702263	0.004517203	0.00192964	0.001105392	0.0009787417	0.0001149404	0.0001025491	9.698487e-05	9.284788e-05	4.140715e-05	3.554767e-05	2.728293e-05	1.281367e-05	2.223177e-06	3.469488e-07	1.031113e-07	3.76359e-08	2.429951e-08	1.122039e-08	3.102454e-09	2.642686e-10	1.100282e-10	7.58655e-11
101	0.4476501	0.3865182	0.009313026	0.008457415	0.00650109	0.006319867	0.003551826	0.003292159	0.003181329	0.001927607	0.001104527	0.0009782406	0.0001146252	0.0001022533	9.673328e-05	9.260709e-05	4.121992e-05	3.538909e-05	2.715951e-05	1.275576e-05	2.213078e-06	3.453819e-07	1.026285e-07	3.745234e-08	2.419638e-08	1.117747e-08	3.097701e-09	2.632264e-10	1.09571e-10
102	0.9826055	0.4405065	0.3811028	0.009077163	0.00823778	0.006303428	0.006123133	0.003505216	0.003257113	0.003160928	0.001919994	0.001101278	0.0009764847	0.0001132467	0.0001009552	9.582629e-05	9.174473e-05	4.05617e-05	3.479569e-05	2.669544e-05	1.253784e-05	2.174824e-06	3.393748e-07	1.006901e-07	3.66354e-08	2.380994e-08	1.10165e-08	3.079697e-09	2.593837e-10
103	0.9774498	0.9623882	0.4317289	0.3750419	0.006648661	0.005896967	0.003973129	0.003788746	0.003023386	0.002794584	0.002705945	0.001831677	0.001076228	0.0009655804	0.0001052788	9.382868e-05	8.931104e-05	8.562898e-05	3.488847e-05	2.961879e-05	2.261704e-05	1.062272e-05	1.843574e-06	2.88103e-07	8.544875e-08	3.13708e-08	2.054608e-08	9.752427e-09	2.942246e-09
104	0.6105688	0.6068091	0.5987886	0.3708552	0.351637	0.004306091	0.004006957	0.002263189	0.002157079	0.001519711	0.00140046	0.001346702	0.0007082733	9.679957e-05	3.613873e-05	2.723983e-05	1.889892e-05	1.627138e-05	1.441148e-05	1.296108e-05	1.034196e-05	7.807911e-06	3.660746e-06	6.329106e-07	1.038248e-07	3.068349e-08	1.210403e-08	8.353534e-09	4.670551e-09
105	0.05049052	0.02840122	0.02556969	0.02344378	0.01362631	0.009199316	0.0008865581	0.0006177959	0.000543046	0.000474119	0.0004115078	0.0003872969	0.0003702596	0.0001533878	4.585555e-05	1.781415e-05	1.375917e-05	1.206802e-05	1.089121e-05	9.805058e-06	8.889482e-06	7.857268e-06	6.003632e-06	2.815405e-06	4.878226e-07	8.007663e-08	2.226251e-08	7.887794e-09	4.944533e-09
106	0.2795873	0.01591217	0.01300255	0.01164334	0.01080264	0.005787112	0.004033627	0.0004492599	0.000292592	0.0002602648	0.0002501832	0.0002069393	0.000195643	0.0001895612	9.468786e-05	2.486108e-05	8.610686e-06	6.149158e-06	5.102197e-06	4.336174e-06	3.630935e-06	3.022103e-06	2.49516e-06	1.823916e-06	8.55456e-07	1.48766e-07	2.694071e-08	6.608491e-09	2.37853e-09
107	0.02006293	0.003692071	0.00197525	0.001556035	0.001415247	0.001303198	0.0007179652	0.0004489692	0.0001603388	0.0001557362	0.0001553899	0.0001547182	0.0001238785	0.0001182061	0.000116781	5.04151e-05	5.153203e-06	1.521945e-06	9.848194e-07	7.56015e-07	5.787921e-07	4.975902e-07	4.46636e-07	3.618675e-07	2.15609e-07	9.989121e-08	1.987161e-08	7.333702e-09	7.603276e-10
108	0.02860074	0.004126592	0.002860889	0.001457327	0.001128201	0.001026787	0.0009704259	0.000518283	0.0003288889	0.0001062409	0.0001022761	0.0001017839	0.0001007984	8.577167e-05	8.2969e-05	8.232152e-05	2.867781e-05	3.76026e-06	1.17929e-06	7.926481e-07	6.228566e-07	4.919649e-07	4.303395e-07	3.899018e-07	3.194074e-07	1.854937e-07	8.590503e-08	1.747487e-08	6.969656e-09
109	0.02953668	0.0164477	0.001768629	0.001028134	0.0006398418	0.0004599748	0.000412963	0.0003828642	0.0002500056	0.0001718859	3.240378e-05	3.010801e-05	2.942809e-05	2.831757e-05	2.533423e-05	2.452571e-05	2.42296e-05	6.930221e-06	1.543389e-06	5.91951e-07	4.488172e-07	3.841828e-07	3.388833e-07	3.05639e-07	2.809042e-07	2.35898e-07	1.276144e-07	5.795155e-08	9.893635e-09
110	0.07503715	0.02418181	0.01363239	0.001282118	0.0007316125	0.0005054178	0.0003651038	0.00032839	0.0003040355	0.0001947457	0.0001305442	1.843668e-05	1.646926e-05	1.58238e-05	1.469584e-05	1.223497e-05	1.183124e-05	1.153551e-05	5.772796e-06	1.362335e-06	5.256313e-07	3.993169e-07	3.413467e-07	3.008288e-07	2.700874e-07	2.470856e-07	2.050213e-07	1.033582e-07	4.65032e-08
111	0.02731583	0.01735034	0.0106044	0.007491809	0.0005417841	0.0003262989	0.000248236	0.0001999617	0.0001807128	0.0001657804	0.0001025842	7.183949e-05	7.157558e-06	5.990464e-06	5.519728e-06	4.462916e-06	4.061366e-06	3.89636e-06	3.759499e-06	1.907043e-06	8.351673e-07	3.556932e-07	2.836051e-07	2.510439e-07	2.276012e-07	2.043993e-07	1.870414e-07	1.530086e-07	6.368623e-08
112	0.04904939	0.0258002	0.01628998	0.009912663	0.007146406	0.0004900167	0.0002988851	0.000232418	0.000188422	0.0001710344	0.0001577429	9.926429e-05	6.956765e-05	5.937705e-06	4.792998e-06	4.40964e-06	4.198784e-06	3.829981e-06	3.67206e-06	3.539814e-06	1.803503e-06	8.148117e-07	3.490354e-07	2.789969e-07	2.473204e-07	2.245316e-07	2.016041e-07	1.84434e-07	1.507253e-07
113	0.3524272	0.04286509	0.02480679	0.01575421	0.009607581	0.006964781	0.0004644935	0.0002910005	0.0002268621	0.000184217	0.0001672873	0.0001543626	9.732025e-05	6.840302e-05	5.787365e-06	4.673604e-06	4.301994e-06	4.107089e-06	3.749236e-06	3.59574e-06	3.466622e-06	1.767032e-06	8.035733e-07	3.443242e-07	2.752294e-07	2.439552e-07	2.214488e-07	1.989518e-07	1.819651e-07
114	0.3814675	0.3483178	0.04093845	0.02325575	0.01474343	0.009265225	0.006779702	0.0004487955	0.0002819232	0.000219957	0.0001786872	0.0001623329	0.0001499015	9.44064e-05	6.662467e-05	5.398512e-06	4.319704e-06	3.95789e-06	3.767396e-06	3.512066e-06	3.380985e-06	3.259864e-06	1.635899e-06	7.88768e-07	3.39172e-07	2.713982e-07	2.406499e-07	2.185683e-07	1.963078e-07
115	0.4511945	0.368076	0.3424669	0.03649465	0.02035767	0.01334539	0.008337247	0.006116867	0.000415144	0.0002632771	0.0002061387	0.0001696237	0.0001546919	0.0001428276	9.061995e-05	6.40725e-05	4.955957e-06	3.907449e-06	3.562919e-06	3.379466e-06	3.190963e-06	3.06951e-06	2.955127e-06	1.390139e-06	6.850765e-07	2.942047e-07	2.35568e-07	2.089009e-07	1.898922e-07
116	0.4294834	0.395353	0.3484318	0.3271948	0.02424724	0.0114156	0.007575317	0.004697271	0.003059317	0.0003511963	0.0002324491	0.000183721	0.0001522459	0.0001391525	0.0001276782	8.197257e-05	5.738221e-05	4.361449e-06	3.364923e-06	3.036968e-06	2.864288e-06	2.713276e-06	2.597233e-06	2.489229e-06	1.013158e-06	4.424695e-07	1.801145e-07	1.415209e-07	1.244383e-07
117	0.4520413	0.3740118	0.3539182	0.3380625	0.3187617	0.01786142	0.007532434	0.005637329	0.003370434	0.002093765	0.0003149119	0.0002139907	0.0001706967	0.0001426457	0.0001308877	0.0001199167	7.844591e-05	5.524291e-05	4.019546e-06	3.065352e-06	2.752164e-06	2.600422e-06	2.453711e-06	2.340003e-06	2.236891e-06	7.979413e-07	2.965442e-07	1.143599e-07	8.823372e-08
118	0.4279114	0.4052519	0.34941	0.3306681	0.3151226	0.2964659	0.0158482	0.006625624	0.005140135	0.003073079	0.001877548	0.0003057157	0.0002096582	0.0001678212	0.0001406893	0.0001293163	0.0001184192	7.769558e-05	5.479549e-05	3.92392e-06	2.977143e-06	2.665803e-06	2.51452e-06	2.368849e-06	2.255795e-06	2.153926e-06	7.251515e-07	2.469947e-07	9.515508e-08
119	0.432053	0.4155508	0.3992174	0.3451475	0.3269533	0.3133545	0.295197	0.01515399	0.00644266	0.00500149	0.002974494	0.00181476	0.0002975537	0.0002045275	0.0001639532	0.000137685	0.0001266641	0.000116041	7.626907e-05	5.393159e-05	3.826563e-06	2.903166e-06	2.601328e-06	2.455232e-06	2.316661e-06	2.206829e-06	2.107591e-06	6.932632e-07	2.321961e-07
120	0.09140971	0.04859482	0.04801623	0.04720495	0.01347485	0.01260559	0.01159262	0.01058306	0.003902364	0.001085682	0.0006553126	0.000132706	7.357369e-05	1.585167e-05	1.045337e-05	8.060716e-06	6.384269e-06	5.636665e-06	5.296809e-06	3.281994e-06	2.094866e-06	1.319787e-06	1.315662e-06	1.323808e-06	1.33492e-06	1.346415e-06	1.357481e-06	1.358362e-06	2.800029e-07
121	0.04987385	0.01696252	0.01189625	0.01137502	0.01053466	0.009109986	0.00830213	0.007818435	0.007266447	0.001600183	0.0009839355	0.0005741189	7.76279e-05	4.14051e-05	1.096376e-05	8.038192e-06	6.602714e-06	5.521672e-06	5.033399e-06	4.729158e-06	2.965218e-06	1.905889e-06	1.245595e-06	1.246886e-06	1.255511e-06	1.266552e-06	1.277918e-06	1.288795e-06	1.290564e-06
122	0.1302991	0.04237318	0.01023797	0.005855395	0.005389421	0.004723044	0.003254117	0.002635512	0.002147482	0.00157391	0.001043642	0.0004854771	0.000464322	6.244682e-05	3.726625e-05	8.568567e-06	5.6947e-06	4.362617e-06	3.423119e-06	3.032869e-06	2.738156e-06	1.971853e-06	9.641651e-07	3.029576e-07	2.950519e-07	2.940449e-07	2.951193e-07	2.96293e-07	2.967652e-07
123	0.3778268	0.09647576	0.01783336	0.005573949	0.004487662	0.004321012	0.00367596	0.002467898	0.002033337	0.001701413	0.001182761	0.0007420403	0.0004681041	0.0004530994	5.882274e-05	3.540038e-05	7.972258e-06	5.353647e-06	4.078771e-06	3.20195e-06	2.834779e-06	2.576687e-06	1.905556e-06	9.085237e-07	2.627206e-07	2.546938e-07	2.53403e-07	2.541386e-07	2.549104e-07
124	0.1774123	0.1074597	0.0812237	0.01260787	0.003776192	0.002989228	0.002830294	0.002182242	0.001473611	0.00105836	0.0008088241	0.0003631677	0.0002353326	9.664121e-05	8.020332e-05	5.741106e-05	3.480343e-05	7.860541e-06	5.278035e-06	4.03157e-06	3.166113e-06	2.803987e-06	2.547513e-06	1.888535e-06	8.953794e-07	2.574443e-07	2.496223e-07	2.483463e-07	2.490552e-07
125	0.2890545	0.1304771	0.0991259	0.07575727	0.01063696	0.003342584	0.00261069	0.002471576	0.001867737	0.001222354	0.000839155	0.0006224962	0.0003233483	0.0002126705	8.264617e-05	6.846073e-05	4.860604e-05	2.941797e-05	6.493266e-06	4.209161e-06	3.098316e-06	2.320302e-06	1.992929e-06	1.752649e-06	1.163119e-06	8.108634e-07	2.450144e-07	2.390465e-07	2.38354e-07
126	0.3889275	0.1276557	0.07061002	0.04880515	0.03334236	0.007035513	0.002058344	0.001566743	0.00145875	0.001404407	0.0008379504	0.0004988362	0.0003572268	0.0001195423	6.883515e-05	3.303238e-05	2.739371e-05	1.927013e-05	1.2001e-05	2.305319e-06	1.550426e-06	1.173894e-06	9.419624e-07	8.40651e-07	7.721692e-07	4.574057e-07	3.206209e-07	1.435627e-08	9.778776e-09
127	0.1391257	0.1069165	0.0854886	0.04148573	0.03052923	0.02150156	0.0052535	0.001393498	0.001071712	0.0009908499	0.0009470212	0.0005615038	0.0003285769	0.0002233969	8.129892e-05	4.464511e-05	2.695307e-05	2.219963e-05	1.550679e-05	9.628274e-06	1.755583e-06	1.164459e-06	8.897217e-07	7.098376e-07	6.327626e-07	5.777154e-07	3.4409e-07	2.347614e-07	1.153743e-08
128	0.2468183	0.08880231	0.07636924	0.05936079	0.023606	0.01466039	0.01057953	0.00287646	0.0005447741	0.0004361719	0.0003972005	0.000368119	0.0002437742	0.00016374	0.0001096436	5.071284e-05	2.80493e-05	1.804608e-05	1.431427e-05	9.81853e-06	6.018584e-06	9.387738e-07	6.175217e-07	4.743228e-07	3.814175e-07	3.444466e-07	3.112162e-07	1.876346e-07	1.186682e-07
129	0.7468065	0.2284001	0.07864583	0.06636484	0.05127305	0.0226224	0.01380114	0.009799791	0.002789924	0.0005028581	0.0004029667	0.000366112	0.0003377896	0.0002275713	0.000156661	0.0001052259	4.840171e-05	2.647662e-05	1.680823e-05	1.395202e-05	9.540232e-06	5.822534e-06	9.204073e-07	6.064665e-07	4.662701e-07	3.752897e-07	3.389893e-07	3.062736e-07	1.844535e-07
130	0.2872082	0.2381122	0.14827	0.03804027	0.03132001	0.0234665	0.01770559	0.009874623	0.006833909	0.002043501	0.0002973131	0.0002484039	0.000223341	0.000201321	0.0001462913	0.0001080698	7.1736e-05	3.527091e-05	1.848898e-05	1.146804e-05	9.364986e-06	6.937219e-06	4.150045e-06	6.20733e-07	4.092623e-07	3.166847e-07	2.568633e-07	2.318624e-07	2.067848e-07
131	0.4092235	0.2374953	0.1996851	0.1360263	0.02857541	0.02225263	0.01955114	0.01582337	0.008169556	0.00525579	0.001894394	0.0002571529	0.0002155783	0.0001930522	0.0001722706	0.0001299517	9.929368e-05	6.610141e-05	3.291542e-05	1.715186e-05	1.062135e-05	8.655676e-06	6.364356e-06	3.917265e-06	5.822509e-07	3.834398e-07	2.965357e-07	2.403959e-07	2.168022e-07
132	0.3292226	0.2927305	0.2004955	0.1847614	0.1238187	0.02144796	0.01553807	0.0128927	0.009460167	0.00719153	0.004738772	0.001858123	0.0002486666	0.0002090497	0.0001870118	0.0001665591	0.0001262658	9.728458e-05	6.482668e-05	3.235935e-05	1.686187e-05	1.044582e-05	8.510909e-06	6.260787e-06	3.850177e-06	5.734481e-07	3.77568e-07	2.91936e-07	2.366187e-07
133	0.3907993	0.2419756	0.2146578	0.1852916	0.1726406	0.1212272	0.01989309	0.01472234	0.01245019	0.009188907	0.006964908	0.004584201	0.00181707	0.0002374466	0.0002006353	0.0001792487	0.0001591419	0.0001218415	9.465891e-05	6.303612e-05	3.170739e-05	1.649207e-05	1.022041e-05	8.326253e-06	6.127597e-06	3.765263e-06	5.574725e-07	3.669374e-07	2.838201e-07
134	0.4575713	0.1543675	0.06102651	0.04299527	0.03160852	0.02677272	0.01057218	0.006742311	0.00531414	0.003808273	0.00234516	0.001782118	0.001172408	0.0004568336	6.124009e-05	5.202484e-05	4.609153e-05	4.091724e-05	3.129405e-05	2.431647e-05	1.6262e-05	8.261158e-06	4.334585e-06	2.685955e-06	2.198123e-06	1.612829e-06	9.850481e-07	1.496225e-07	9.692972e-08
135	0.7178386	0.4354639	0.153448	0.06084985	0.04285484	0.03149503	0.02668436	0.01054819	0.006724348	0.005304173	0.003801776	0.002341976	0.001779544	0.001170601	0.0004562578	6.112684e-05	5.193483e-05	4.600953e-05	4.084102e-05	3.124388e-05	2.428282e-05	1.623924e-05	8.251468e-06	4.329478e-06	2.682882e-06	2.195594e-06	1.610978e-06	9.838974e-07	1.494286e-07
136	0.5758182	0.4479495	0.3286607	0.07690049	0.02389134	0.02151178	0.01494627	0.01231224	0.005144396	0.003061363	0.00265249	0.001414298	0.0005024846	0.0003877269	0.0002559682	9.09218e-05	1.290583e-05	1.105434e-05	1.001696e-05	8.909237e-06	6.765271e-06	5.248111e-06	3.570458e-06	1.886451e-06	1.034005e-06	6.54353e-07	5.471877e-07	3.983515e-07	2.407563e-07
137	0.2674203	0.2075987	0.1858836	0.06979179	0.05543517	0.01187206	0.01026146	0.007884604	0.006028616	0.002420313	0.002019794	0.001930713	0.0007882364	8.288412e-05	7.053846e-05	4.947171e-05	9.398312e-06	1.677076e-06	1.434243e-06	1.303138e-06	1.200591e-06	7.882763e-07	5.605773e-07	3.863034e-07	2.095854e-07	1.256602e-07	8.500701e-08	7.223964e-08	5.140112e-08
138	0.2777846	0.231035	0.1744737	0.159138	0.04991866	0.03868856	0.01020544	0.008850402	0.006577383	0.005102831	0.002104095	0.00179907	0.001794279	0.000683726	4.633656e-05	4.22839e-05	3.20772e-05	2.497298e-06	7.419116e-07	6.328814e-07	5.914113e-07	5.688306e-07	2.989086e-07	1.772722e-07	1.25299e-07	7.376941e-08	5.321406e-08	4.071481e-08	3.547425e-08
139	0.2957603	0.2498678	0.2302657	0.1740522	0.1587956	0.04968587	0.03851224	0.01013673	0.008804109	0.006554141	0.005086169	0.002099799	0.001796132	0.001791568	0.0006824186	4.592549e-05	4.20237e-05	3.194495e-05	2.460748e-06	7.351755e-07	6.27839e-07	5.870116e-07	5.648387e-07	2.958093e-07	1.748152e-07	1.238028e-07	7.294804e-08	5.27331e-08	4.039809e-08
140	0.586063	0.2803338	0.2347363	0.2213469	0.1685876	0.1536649	0.04457231	0.03847231	0.01012507	0.008793229	0.006545746	0.005078575	0.002098879	0.00179542	0.001790947	0.0006818822	4.589042e-05	4.199304e-05	3.192173e-05	2.458408e-06	7.345395e-07	6.273085e-07	5.865127e-07	5.643756e-07	2.954982e-07	1.746028e-07	1.236406e-07	7.287666e-08	5.268701e-08
141	0.5376865	0.1892779	0.1778359	0.1623052	0.1510677	0.1461774	0.1425836	0.03480808	0.03007922	0.00783195	0.006802125	0.004608163	0.00345584	0.001171357	0.001004442	0.001005558	0.000114871	2.977602e-06	2.336031e-06	1.551368e-06	2.14134e-07	1.367128e-07	1.291786e-07	1.275182e-07	1.260071e-07	4.090409e-08	3.162023e-08	2.824063e-08	2.495162e-08
142	0.2440808	0.217176	0.1671741	0.1605442	0.1522151	0.1431236	0.1403163	0.1389402	0.03143871	0.02685939	0.006580199	0.00562383	0.003433097	0.002390096	0.0003349541	0.0001840399	0.0001798184	7.128917e-05	1.409094e-06	9.609883e-07	5.045216e-07	1.267334e-07	1.099202e-07	1.090225e-07	1.087548e-07	1.081268e-07	3.027147e-08	2.53743e-08	2.384444e-08
143	0.2256527	0.218855	0.1972295	0.1526913	0.1464843	0.1389656	0.1303283	0.1281036	0.1271253	0.02888582	0.02518225	0.006243554	0.005333388	0.00314936	0.0021838	0.0002834681	0.00014624	0.0001425015	5.039288e-05	1.125159e-06	7.424605e-07	3.578457e-07	1.096379e-07	1.031888e-07	1.030244e-07	1.030154e-07	1.025572e-07	2.64876e-08	2.264333e-08
144	0.9647983	0.2092234	0.2067462	0.1852987	0.1467247	0.1412612	0.1348021	0.1262055	0.124227	0.1233906	0.02559034	0.02196972	0.005696914	0.004874066	0.002732477	0.001890705	0.0002474053	0.0001286199	0.0001255381	4.063316e-05	9.406585e-07	6.137773e-07	2.906004e-07	1.016643e-07	9.808099e-08	9.816368e-08	9.820608e-08	9.791086e-08	2.250501e-08
145	0.2129376	0.1950233	0.1715389	0.1698111	0.1690984	0.1383688	0.1333762	0.1282726	0.1210088	0.1194352	0.118835	0.0213217	0.0177743	0.004963107	0.004260223	0.002132078	0.001450064	0.0001345328	4.439032e-05	4.090175e-05	2.389296e-05	6.856255e-07	4.52833e-07	2.133976e-07	9.23673e-08	9.066657e-08	9.100653e-08	9.136908e-08	9.110806e-08
146	0.09400957	0.07826431	0.06527232	0.057706	0.05641641	0.05628544	0.03584577	0.03123241	0.02698323	0.02020566	0.01869265	0.01813418	0.01745409	0.01396841	0.004377814	0.003797439	0.001683352	0.001140227	0.0001088633	3.777583e-05	3.432886e-05	2.196164e-05	5.457387e-07	3.355691e-07	1.241316e-07	1.653864e-08	1.448904e-08	1.424491e-08	1.431816e-08
147	0.08422031	0.08254603	0.06786009	0.05596603	0.04983484	0.04894463	0.0488253	0.02989137	0.02585602	0.02194589	0.01517171	0.01367488	0.01349511	0.01289965	0.01247629	0.004153899	0.003616892	0.00150877	0.001020152	0.0001009132	3.667875e-05	3.326626e-05	2.154807e-05	5.216094e-07	3.203205e-07	1.16933e-07	1.306895e-08	1.102245e-08	1.07796e-08
148	0.08727487	0.07327543	0.07244275	0.06030917	0.04853324	0.04257441	0.04170977	0.04161847	0.0228529	0.01883415	0.01495291	0.01472091	0.013225	0.01304564	0.01246003	0.01203923	0.003881488	0.003602697	0.00149498	0.001010657	0.0001002553	3.655344e-05	3.315207e-05	2.152203e-05	5.192449e-07	3.18694e-07	1.163528e-07	1.290002e-08	1.085863e-08
149	0.2234975	0.07907493	0.06584242	0.06506663	0.0531054	0.04638945	0.04106961	0.04021419	0.04012363	0.02153274	0.01752831	0.01387188	0.01364046	0.01317069	0.0129939	0.01241066	0.0119946	0.003872384	0.003594784	0.001489688	0.001006906	9.97873e-05	3.652279e-05	3.312886e-05	2.150845e-05	5.174654e-07	3.17573e-07	1.158566e-07	1.280963e-08
150	0.04218967	0.03396693	0.01183923	0.01159518	0.0113955	0.008882225	0.008567295	0.008358155	0.008259226	0.00824928	0.004075816	0.003686549	0.002832755	0.002822371	0.002465127	0.002351573	0.00220597	0.00215072	0.0005912709	0.0005334986	0.0005288963	0.000334342	5.292897e-05	2.867848e-05	2.876516e-05	1.882554e-05	3.362943e-08	1.116502e-08	3.988672e-09
151	0.004432706	0.004308291	0.003901712	0.003678316	0.003639785	0.003472	0.001369411	0.001300101	0.001280325	0.001263681	0.001262124	0.0006488185	0.0005780277	0.0004314744	0.0004283433	0.0003474293	0.0003260714	0.0003044034	0.0002884363	8.758625e-05	7.983242e-05	7.899741e-05	5.820225e-05	9.544534e-06	4.517067e-06	4.512086e-06	3.050523e-06	4.688788e-09	1.421714e-09
152	0.007104381	0.001456652	0.001391037	0.001132204	0.001035224	0.001005527	0.0008697344	0.0005356659	0.000509866	0.0005000595	0.000493758	0.0004931279	0.0002195008	0.000183662	0.0001167492	0.0001149905	0.0001052991	9.869944e-05	9.274564e-05	8.222566e-05	3.735002e-05	3.538643e-05	3.506265e-05	2.61533e-05	3.420819e-06	6.863015e-07	6.520237e-07	4.280321e-07	1.739634e-09
153	0.02267235	0.002578669	0.0009409714	0.0009121896	0.0008303548	0.0007807897	0.0007745073	0.0006397165	0.0003294205	0.0003140227	0.0003081029	0.0003043206	0.0003039305	0.0001295547	0.000102607	5.86362e-05	5.742863e-05	5.372062e-05	5.289393e-05	5.128884e-05	4.42259e-05	2.334287e-05	2.24192e-05	2.244346e-05	1.70729e-05	2.229465e-06	1.951584e-07	1.57917e-07	9.380302e-08
154	0.8691384	0.009394423	0.001139553	0.0005575737	0.0005409477	0.0005267984	0.0005206417	0.0005166381	0.0003819503	7.539991e-05	6.639764e-05	6.257758e-05	6.191608e-05	6.174395e-05	4.400081e-05	3.015326e-05	2.42577e-05	2.311086e-05	2.094352e-05	2.066798e-05	1.995056e-05	1.318931e-05	2.468314e-06	2.105404e-06	2.04351e-06	1.49711e-06	1.354241e-07	5.084238e-08	1.250619e-08
155	0.9946135	0.8756448	0.009100505	0.001001167	0.0004248614	0.0004083765	0.000394477	0.0003887647	0.0003847465	0.0003822392	7.383753e-05	6.47962e-05	6.096379e-05	6.033141e-05	6.015939e-05	4.336069e-05	2.965267e-05	2.400566e-05	2.285133e-05	2.078533e-05	2.051314e-05	1.979992e-05	1.301106e-05	2.341775e-06	1.981001e-06	1.918711e-06	1.388455e-06	1.292258e-07	5.01472e-08
156	0.9880501	0.9829114	0.879167	0.005713457	0.0006743171	0.0001538625	0.0001395508	0.0001279968	0.0001227374	0.0001187301	0.0001182437	5.59494e-05	5.048118e-05	4.673207e-05	4.612604e-05	4.595517e-05	2.966646e-05	2.770769e-05	2.21852e-05	2.102563e-05	1.921476e-05	1.899749e-05	1.829153e-05	1.279969e-05	2.226069e-06	1.868692e-06	1.822611e-06	1.306879e-06	1.263691e-07
157	0.9606448	0.9532886	0.9489499	0.8860144	0.005593706	0.0006457983	0.0001439709	0.0001301501	0.0001192077	0.000114127	0.0001115097	0.0001111541	5.146368e-05	4.63565e-05	4.436912e-05	4.382157e-05	4.36543e-05	2.782562e-05	2.59074e-05	2.113493e-05	2.011412e-05	1.851686e-05	1.83356e-05	1.764471e-05	1.252452e-05	2.163532e-06	1.813571e-06	1.768884e-06	1.264834e-06
158	0.9596322	0.9524438	0.9520569	0.9480433	0.892616	0.005043583	0.0005883067	0.0001353702	0.0001226134	0.0001140954	0.0001094655	0.0001068789	0.0001065563	4.648653e-05	4.136808e-05	3.941675e-05	3.891002e-05	3.874576e-05	2.447937e-05	2.269268e-05	1.826332e-05	1.72377e-05	1.694474e-05	1.677e-05	1.616001e-05	1.104409e-05	1.896433e-06	1.587089e-06	1.546869e-06
159	0.9948867	0.9555358	0.9499716	0.9496251	0.9457176	0.8993871	0.00455306	0.0004363574	4.918288e-05	4.672327e-05	4.111718e-05	3.8171e-05	3.776172e-05	3.761228e-05	3.672076e-05	3.266877e-05	3.089862e-05	3.045795e-05	3.029965e-05	1.801957e-05	1.645558e-05	1.244269e-05	1.141614e-05	1.113441e-05	1.103013e-05	1.050919e-05	9.42186e-06	1.609556e-06	1.344934e-06
160	0.07493604	0.07444872	0.04548296	0.04300346	0.04290169	0.04059673	0.003670942	0.003609635	0.0003661372	4.015001e-05	3.815668e-05	3.362945e-05	3.119771e-05	3.085518e-05	3.075233e-05	3.025333e-05	2.811025e-05	2.644042e-05	2.605534e-05	2.590197e-05	1.560943e-05	1.420502e-05	1.063664e-05	9.608683e-06	9.340839e-06	9.24169e-06	8.815479e-06	7.750815e-06	1.295725e-06
161	0.03543682	0.03405218	0.03398909	0.0296907	0.02895997	0.02888769	0.02803322	0.001702468	0.001648036	0.0003089252	3.444375e-05	3.273854e-05	2.885461e-05	2.686982e-05	2.6569e-05	2.648137e-05	2.604352e-05	2.393861e-05	2.231929e-05	2.198027e-05	2.185425e-05	1.332741e-05	1.207446e-05	8.894807e-06	7.862352e-06	7.602814e-06	7.507756e-06	7.171377e-06	6.126206e-06
162	0.02215611	0.02014422	0.01921381	0.01920275	0.01839905	0.01828733	0.01821856	0.01740691	0.001211567	0.001166908	0.0001819395	2.399477e-05	2.275123e-05	1.984179e-05	1.843209e-05	1.824442e-05	1.819313e-05	1.784655e-05	1.599366e-05	1.452766e-05	1.426268e-05	1.423553e-05	7.735843e-06	6.696147e-06	4.8351e-06	4.765696e-06	4.721661e-06	4.706064e-06	4.463969e-06
163	0.0199974	0.01279903	0.01095629	0.01007341	0.01006582	0.009900668	0.009827145	0.009801712	0.009700668	0.0006517948	0.0006113794	0.0001127207	1.730918e-05	1.635272e-05	1.41593e-05	1.328797e-05	1.314749e-05	1.311369e-05	1.283843e-05	1.101162e-05	9.601366e-06	9.389243e-06	9.367501e-06	4.970596e-06	4.109764e-06	2.719091e-06	2.651346e-06	2.617626e-06	2.605924e-06
164	0.9166289	0.01302812	0.009229492	0.008684533	0.008014585	0.008007913	0.007856958	0.007795938	0.00777088	0.007677702	0.0005241514	0.0004850721	8.869739e-05	1.455644e-05	1.367992e-05	1.16695e-05	1.098522e-05	1.092484e-05	1.089946e-05	1.081294e-05	9.088093e-06	7.704849e-06	7.509032e-06	7.490195e-06	3.618054e-06	2.809919e-06	2.104735e-06	2.052449e-06	2.02489e-06
165	0.06840575	0.06791935	0.005798145	0.00494896	0.004812015	0.004450049	0.004447056	0.004403707	0.004383778	0.004372494	0.004309589	0.0003438695	0.000311784	5.028533e-05	5.643817e-06	4.984375e-06	4.458535e-06	4.025786e-06	3.990394e-06	3.977977e-06	3.921505e-06	3.682451e-06	3.42392e-06	3.359059e-06	3.352318e-06	1.867899e-06	1.688557e-06	1.380079e-06	1.374358e-06
166	0.02051102	0.01838008	0.01826932	0.002893931	0.002600527	0.00257439	0.002294479	0.002291777	0.002273965	0.002263889	0.002258374	0.002207145	0.0001856272	0.0001774567	2.754213e-05	2.581669e-06	2.362741e-06	2.110503e-06	1.918439e-06	1.89805e-06	1.891264e-06	1.853582e-06	1.819604e-06	1.764197e-06	1.741296e-06	1.738847e-06	1.032037e-06	9.671857e-07	8.103094e-07
167	0.03185361	0.01192035	0.0109076	0.01083966	0.001958907	0.001819523	0.00180093	0.001526489	0.001525786	0.001520056	0.001515268	0.001512419	0.001469733	9.383248e-05	8.926573e-05	1.375174e-05	1.299789e-06	1.184403e-06	1.057599e-06	9.562172e-07	9.473877e-07	9.437143e-07	9.171556e-07	8.986134e-07	8.689158e-07	8.568707e-07	8.556283e-07	5.091821e-07	4.77392e-07
168	0.0580844	0.009045519	0.006978926	0.006663458	0.00662594	0.001154463	0.001110851	0.001099744	0.001060253	0.001059593	0.001054851	0.001052977	0.001050577	0.001011048	2.754076e-05	2.428984e-05	3.586057e-06	4.005735e-07	3.380042e-07	3.006648e-07	2.640957e-07	2.614926e-07	2.606501e-07	2.42293e-07	2.309342e-07	2.154044e-07	2.107393e-07	2.10279e-07	1.207424e-07
169	0.02698093	0.01192636	0.006106384	0.005614741	0.005486358	0.005460414	0.0009918186	0.0009797344	0.0009755061	0.000942516	0.0009418768	0.0009389706	0.0009379049	0.0009361301	0.0008974671	8.279256e-06	7.552528e-06	8.669469e-07	1.009721e-07	8.643621e-08	7.698033e-08	6.560834e-08	6.470578e-08	6.446282e-08	4.816892e-08	4.575639e-08	4.422077e-08	4.338361e-08	4.330089e-08
170	0.8992752	0.02282388	0.01059397	0.005669116	0.005315705	0.005233867	0.00521124	0.0008392351	0.0008318187	0.0008280766	0.0007951662	0.0007951192	0.0007940772	0.0007934359	0.0007931811	0.0007662076	4.961445e-06	4.443155e-06	4.732549e-07	6.254133e-08	5.255108e-08	4.706855e-08	3.836364e-08	3.77507e-08	3.759784e-08	2.160163e-08	1.966338e-08	1.895847e-08	1.845448e-08
171	0.0279581	0.01718874	0.009889391	0.008061912	0.004805041	0.00467744	0.00463633	0.00463409	0.0003405125	0.0003362766	0.0003333245	0.0003327897	0.0003327461	0.0003321863	0.0003319603	0.0003317301	0.0003048311	3.615352e-06	3.442148e-06	2.936904e-07	4.036966e-08	3.238229e-08	2.940719e-08	2.209123e-08	2.162884e-08	2.153915e-08	6.265182e-09	5.264312e-09	5.158532e-09
172	0.01856418	0.01216929	0.008951248	0.004079078	0.00320327	0.0003446341	0.0002455396	0.0002190835	0.0002174638	0.0001555811	0.0001520174	0.0001494971	0.0001491249	0.0001490815	0.0001485915	0.0001484859	0.0001482572	0.0001211825	3.225346e-06	3.16929e-06	2.454036e-07	3.284767e-08	2.513891e-08	2.284008e-08	1.748715e-08	1.706065e-08	1.698983e-08	1.870551e-09	1.015885e-09
173	0.02441514	0.006376913	0.005058195	0.004526873	0.003668751	0.003014811	0.0001537926	6.975521e-05	6.162555e-05	6.088211e-05	1.636908e-05	1.558274e-05	1.328842e-05	1.293945e-05	1.293897e-05	1.271985e-05	1.268719e-05	1.267393e-05	9.793909e-06	2.785321e-07	2.719463e-07	2.295496e-07	2.389176e-08	2.372711e-08	2.180923e-08	1.660949e-08	1.620638e-08	1.614063e-08	9.372014e-10
174	0.07730623	0.01524126	0.00461818	0.004231527	0.004104976	0.003517221	0.002959321	0.0001306411	5.338131e-05	4.833771e-05	4.775686e-05	7.465226e-06	6.808294e-06	6.18306e-06	6.099967e-06	6.09971e-06	6.019244e-06	6.006242e-06	5.995585e-06	3.094409e-06	2.069631e-07	2.032843e-07	1.702527e-07	2.360537e-08	2.346383e-08	2.160464e-08	1.638512e-08	1.598057e-08	1.591682e-08
175	0.05151945	0.03711592	0.01151009	0.001563417	0.00134081	0.001258496	0.0007180456	0.0001717698	0.0001262461	4.93697e-05	4.489625e-05	4.433612e-05	5.260239e-06	4.769588e-06	4.168559e-06	4.149091e-06	4.148935e-06	4.123968e-06	4.117892e-06	4.107304e-06	1.179608e-06	5.459715e-08	5.208139e-08	2.078533e-08	1.916642e-08	1.903203e-08	1.716651e-08	1.638084e-08	1.597287e-08
176	0.08829235	0.02814402	0.01762097	0.006345146	0.001385297	0.001258547	0.001215185	0.0006917048	0.0001483286	0.0001082553	4.331204e-05	3.903202e-05	3.854227e-05	1.749283e-06	1.295991e-06	7.249724e-07	7.111782e-07	7.111065e-07	6.926145e-07	6.877472e-07	6.872747e-07	6.85788e-07	2.240012e-08	2.047926e-08	1.960812e-08	1.814124e-08	1.811497e-08	1.726202e-08	1.647041e-08
177	0.09522631	0.02410395	0.01457922	0.01252221	0.006110547	0.001344257	0.001238225	0.001210846	0.0006871933	0.0001430234	0.0001061114	4.073841e-05	3.844957e-05	3.796809e-05	1.25903e-06	8.192181e-07	2.573166e-07	2.468132e-07	2.467543e-07	2.291111e-07	2.245834e-07	2.241626e-07	2.228377e-07	2.012762e-08	1.844924e-08	1.776102e-08	1.749629e-08	1.747392e-08	1.661565e-08
178	0.2664127	0.08312992	0.02183184	0.01429719	0.01237991	0.006139114	0.001335396	0.001246849	0.001219811	0.0006919904	0.0001433205	0.0001063888	4.04072e-05	3.811345e-05	3.767631e-05	1.242108e-06	8.101246e-07	2.430964e-07	2.326067e-07	2.325482e-07	2.148379e-07	2.114883e-07	2.110679e-07	2.097436e-07	1.916743e-08	1.776723e-08	1.709556e-08	1.683541e-08	1.681313e-08
179	0.2602198	0.07234864	0.02763224	0.006060183	0.004322461	0.003774645	0.001653606	0.001216686	0.00119581	0.001187935	0.0006629053	0.0001248185	0.0001037687	3.822741e-05	3.610701e-05	3.595613e-05	5.69485e-07	1.653545e-07	9.994834e-08	9.72126e-08	9.719192e-08	9.155643e-08	9.056991e-08	9.040313e-08	8.962367e-08	1.720841e-08	1.683488e-08	1.662903e-08	1.655722e-08
180	0.2286724	0.1881791	0.0494234	0.01782664	0.003515872	0.002444421	0.002144723	0.0007763054	0.0005738396	0.0005623471	0.0005575566	2.962744e-05	1.389806e-05	6.450429e-06	1.134266e-06	8.505943e-07	8.366648e-07	9.787939e-08	8.469902e-08	5.129212e-08	4.96553e-08	4.96448e-08	4.591527e-08	4.539765e-08	4.535516e-08	4.519112e-08	7.662323e-10	5.970094e-10	4.880258e-10
181	0.4419604	0.169331	0.1450393	0.03684216	0.01234142	0.001935701	0.001252503	0.00109126	0.0001646576	4.289912e-05	3.554961e-05	3.238531e-05	1.63068e-05	8.893842e-06	3.357446e-06	4.297059e-07	2.913587e-07	2.834883e-07	5.897285e-08	5.255768e-08	3.296794e-08	3.188468e-08	3.187921e-08	2.907414e-08	2.874117e-08	2.872265e-08	2.861171e-08	2.147028e-10	1.409443e-10
182	0.3522359	0.3127526	0.1511237	0.129516	0.03179677	0.009825603	0.001713578	0.001119342	0.0009793308	0.0001508604	3.988908e-05	3.34649e-05	3.056241e-05	1.541254e-05	8.353549e-06	3.13827e-06	3.822061e-07	2.535498e-07	2.462767e-07	5.35682e-08	4.76805e-08	3.002969e-08	2.905035e-08	2.904541e-08	2.640592e-08	2.609956e-08	2.608389e-08	2.598096e-08	1.782065e-10
183	0.8571692	0.252642	0.2198425	0.1314096	0.1110136	0.02707421	0.009304908	0.001686384	0.001116265	0.0009755443	0.0001517473	4.007883e-05	3.365212e-05	3.074905e-05	1.547246e-05	8.393029e-06	3.157064e-06	3.776914e-07	2.481667e-07	2.408396e-07	5.358656e-08	4.765648e-08	3.022694e-08	2.924118e-08	2.923621e-08	2.657882e-08	2.627037e-08	2.625462e-08	2.615118e-08
184	0.2035454	0.116209	0.07813762	0.07728617	0.03456857	0.02383172	0.006690362	0.002028256	0.0003789568	0.0002873042	0.0002853134	2.273607e-05	1.658952e-05	1.578922e-05	1.541066e-05	2.403565e-06	9.503403e-07	3.706328e-07	2.017251e-07	1.748208e-07	1.74139e-07	1.245078e-08	8.077438e-09	7.215205e-09	7.146244e-09	7.145297e-09	6.376198e-09	6.304017e-09	6.301931e-09
185	0.1132455	0.09568063	0.08773987	0.05567177	0.05507747	0.02003544	0.01681268	0.004699142	0.001483472	0.0003119685	0.0002496468	0.0002484251	1.040593e-05	5.805198e-06	5.282583e-06	5.022897e-06	7.746429e-07	3.075595e-07	1.229488e-07	6.872417e-08	5.937828e-08	5.913944e-08	6.017004e-09	4.54943e-09	4.538689e-09	4.472779e-09	4.472268e-09	4.055272e-09	4.01559e-09
186	0.07132519	0.06573343	0.06260629	0.05618062	0.04209709	0.04188546	0.0144485	0.012037	0.0032702	0.001005674	0.0002583077	0.000222343	0.0002215681	4.820915e-06	1.068929e-06	6.813998e-07	4.78416e-07	1.253967e-07	5.545807e-08	1.29634e-08	7.524279e-09	5.770812e-09	5.719566e-09	1.065128e-09	9.341927e-10	9.308909e-10	8.726066e-10	8.725244e-10	8.427467e-10
187	0.06231893	0.0533396	0.05186301	0.04946634	0.04316937	0.03295659	0.03283368	0.01145905	0.009587431	0.002657398	0.0008757867	0.0002379783	0.0002089513	0.0002082679	4.047403e-06	7.443385e-07	4.293184e-07	2.415256e-07	8.734859e-08	4.36124e-08	7.409401e-09	4.426898e-09	3.039144e-09	2.998053e-09	8.504795e-10	7.887048e-10	7.857783e-10	7.270288e-10	7.269782e-10
188	0.1277872	0.04244979	0.03555601	0.03517677	0.03341664	0.03304063	0.02407516	0.02397745	0.008008126	0.006629864	0.001960239	0.0006136177	7.115125e-05	4.931977e-05	4.896281e-05	2.203881e-06	4.082911e-07	1.919703e-07	1.348453e-07	6.857651e-08	3.360993e-08	4.859375e-09	3.210043e-09	1.944321e-09	1.906765e-09	6.987766e-10	6.636256e-10	6.612267e-10	6.520725e-10
189	0.226585	0.09587297	0.02883569	0.02321273	0.02287412	0.0211667	0.02091986	0.01286641	0.01278788	0.005400193	0.004505681	0.001437297	0.0005079762	5.25069e-05	3.643375e-05	3.613621e-05	1.724519e-06	3.205123e-07	1.64084e-07	1.202519e-07	6.650369e-08	3.32552e-08	4.389248e-09	3.002486e-09	1.74251e-09	1.705202e-09	6.87351e-10	6.588844e-10	6.565824e-10
190	0.550544	0.1549089	0.05592099	0.01458612	0.01065006	0.01042958	0.00920116	0.009063072	0.002790036	0.00274626	0.001370624	0.001205941	0.0006200824	0.0003356624	2.388735e-05	1.747129e-05	1.737391e-05	4.203414e-07	9.298774e-08	5.121572e-08	3.334983e-08	2.275044e-08	1.201884e-08	2.144434e-09	1.761117e-09	7.200837e-10	6.876641e-10	4.809526e-10	4.749839e-10
191	0.1712233	0.1457536	0.1352807	0.03631731	0.005370952	0.002143293	0.002096002	0.001083259	0.001078247	0.000348314	0.0003179515	0.0002187785	0.0001991432	0.0001632756	2.358051e-05	1.895655e-06	6.120895e-07	5.903447e-07	2.213144e-08	6.086867e-09	3.582864e-09	2.906241e-09	2.388162e-09	1.867212e-09	1.499104e-09	1.472405e-09	4.755892e-10	4.445715e-10	4.07737e-10
192	0.1535731	0.1376928	0.1233424	0.1225386	0.02281218	0.003553312	0.001344089	0.001301159	0.0006091906	0.0006061354	0.0001557293	0.0001337951	7.569734e-05	6.260579e-05	4.147085e-05	1.660446e-05	1.290587e-06	3.546805e-07	3.367958e-07	1.428717e-08	3.658414e-09	1.9005e-09	1.493808e-09	1.131168e-09	6.781629e-10	3.533853e-10	3.29732e-10	3.172502e-10	2.861052e-10
193	0.3960418	0.03716442	0.02766414	0.01356542	0.0128028	0.01197181	0.0018184	0.0007024351	0.0006621431	0.0003154443	0.000313306	8.340017e-05	7.389567e-05	4.40397e-05	3.620532e-05	2.441835e-05	1.244081e-05	9.323812e-07	2.263717e-07	2.204121e-07	9.651976e-09	2.538672e-09	1.402733e-09	1.12633e-09	8.824392e-10	4.783203e-10	1.776412e-10	1.564788e-10	1.488703e-10
194	0.05548912	0.03146793	0.02372139	0.01744658	0.003401308	0.003187261	0.002358351	0.0004392929	0.0001829662	0.000144091	6.868303e-05	6.725016e-05	1.933217e-05	1.688661e-05	1.04493e-05	8.824323e-06	5.075045e-06	2.532317e-06	1.941582e-07	5.024109e-08	4.825253e-08	2.686142e-09	1.068817e-09	7.780467e-10	7.022682e-10	6.3785e-10	3.092331e-10	5.366492e-11	3.64567e-11
195	0.4627217	0.02968507	0.01364036	0.01229082	0.00686802	0.001382748	0.001201542	0.0008896989	0.0001701889	9.009857e-05	5.389293e-05	2.753985e-05	2.627725e-05	8.441176e-06	7.638922e-06	4.983173e-06	4.346954e-06	1.94305e-06	9.435693e-07	7.488141e-08	2.114622e-08	2.043414e-08	1.528682e-09	7.928539e-10	6.436127e-10	6.005715e-10	5.650739e-10	2.664066e-10	3.213846e-11
196	0.8550266	0.4342021	0.02062122	0.004814055	0.00416337	0.002712032	0.0005863416	0.0004163204	0.0003034892	6.618827e-05	4.172645e-05	1.92278e-05	1.135331e-05	1.02712e-05	4.231874e-06	3.976552e-06	2.843207e-06	2.603196e-06	6.861595e-07	3.03492e-07	2.696282e-08	9.742129e-09	9.303119e-09	1.069443e-09	7.015049e-10	6.050083e-10	5.749232e-10	5.58663e-10	2.593006e-10
197	0.8873939	0.8556953	0.435343	0.01751352	0.001643101	0.001276708	0.0009866074	0.000270857	0.0001131913	8.984357e-05	3.099687e-05	2.545551e-05	7.483318e-06	5.885761e-06	4.856203e-06	2.819526e-06	2.749177e-06	2.126523e-06	2.020344e-06	2.592658e-07	8.580852e-08	1.071481e-08	5.894544e-09	5.551393e-09	9.241634e-10	6.720167e-10	5.949214e-10	5.70482e-10	5.582368e-10
198	0.9931457	0.8949178	0.8652805	0.440065	0.01722062	0.00118355	0.0008382228	0.0006732917	0.0002030033	8.026851e-05	6.726918e-05	2.756653e-05	2.397651e-05	6.2764e-06	5.325007e-06	4.289778e-06	2.663917e-06	2.612219e-06	2.040793e-06	1.94807e-06	2.107074e-07	6.29954e-08	8.972756e-09	5.446134e-09	5.173386e-09	9.002223e-10	6.585825e-10	5.992582e-10	5.754427e-10
199	0.9828443	0.9821093	0.8969686	0.8751129	0.4450298	0.017094	0.0008724013	0.0005506123	0.0005061338	0.0001631148	4.210477e-05	3.630936e-05	2.392867e-05	2.234669e-05	4.932223e-06	4.64361e-06	3.605089e-06	2.469414e-06	2.437461e-06	1.947862e-06	1.869586e-06	1.646516e-07	4.008313e-08	7.290546e-09	5.069071e-09	4.804424e-09	8.931735e-10	6.62027e-10	6.043685e-10
200	0.9415811	0.9370461	0.9366161	0.8621599	0.8412867	0.4498597	0.01679951	0.0007249464	0.0004402296	0.0004083129	0.0001411367	3.793406e-05	3.38985e-05	2.326007e-05	2.185235e-05	4.263719e-06	4.034579e-06	2.985941e-06	2.059529e-06	2.031879e-06	1.60934e-06	1.540562e-06	1.406713e-07	3.384338e-08	6.318695e-09	4.437288e-09	4.295027e-09	8.133588e-10	6.036607e-10
201	0.9677072	0.9168138	0.9131362	0.9127405	0.8579442	0.8507151	0.454873	0.01649242	0.0006170142	0.0003594105	0.0003333483	0.0001177239	3.375819e-05	3.058156e-05	2.283375e-05	2.149107e-05	3.702793e-06	3.496966e-06	2.437238e-06	1.694098e-06	1.670419e-06	1.304321e-06	1.240995e-06	1.262989e-07	3.037746e-08	5.738143e-09	4.040356e-09	3.923241e-09	7.373971e-10
202	0.9770057	0.9560141	0.9096609	0.9067354	0.9063953	0.8635772	0.8600669	0.4597806	0.01598082	0.0004726309	0.0002525743	0.0002320244	7.827642e-05	2.858791e-05	2.631477e-05	2.244186e-05	2.116049e-05	3.165643e-06	2.983193e-06	1.912244e-06	1.339095e-06	1.320824e-06	1.018524e-06	9.61091e-07	1.113528e-07	2.672387e-08	5.045769e-09	3.542772e-09	3.443458e-09
203	0.4800606	0.476526	0.4739317	0.4653987	0.463557	0.4632862	0.4297246	0.4267347	0.02201326	0.01544659	0.0003276649	0.0001461447	0.0001319163	4.199547e-05	1.110607e-05	9.746909e-06	6.728075e-06	5.519928e-06	2.612301e-06	2.455282e-06	1.374051e-06	9.753523e-07	9.629329e-07	7.267694e-07	6.754474e-07	9.623311e-08	2.300239e-08	4.3139e-09	3.008686e-09
204	0.04518963	0.043872	0.0437905	0.04163805	0.04031661	0.03902986	0.03878496	0.01229626	0.009883597	0.00805741	0.001785264	0.0002297308	7.957717e-05	6.962144e-05	2.64755e-05	9.401277e-06	8.680271e-06	6.289856e-06	5.128047e-06	2.197108e-06	2.057776e-06	9.651277e-07	7.020841e-07	6.938435e-07	5.067594e-07	4.599258e-07	8.426342e-08	1.944997e-08	2.990099e-09
205	0.03200207	0.0217944	0.02170013	0.02163289	0.0209817	0.02017718	0.01920719	0.01898349	0.006441041	0.004417211	0.003430555	0.0007839694	0.0001257577	4.150754e-05	3.38016e-05	1.45548e-05	4.463548e-06	4.075958e-06	2.024255e-06	8.844493e-07	8.662411e-07	7.37315e-07	7.255653e-07	5.61073e-07	5.552698e-07	3.924663e-07	3.477958e-07	7.685432e-08	1.698437e-08
206	0.4394053	0.02420641	0.01585639	0.01580323	0.01573892	0.01516665	0.01483448	0.01400266	0.01379627	0.003589676	0.001751382	0.001154361	0.000293687	7.783876e-05	2.280964e-05	1.672648e-05	9.605713e-06	2.927872e-06	2.73119e-06	8.895964e-07	6.714715e-07	6.573384e-07	5.874514e-07	5.815596e-07	4.84147e-07	4.807133e-07	3.292516e-07	2.856493e-07	7.06228e-08
207	0.07726477	0.01844092	0.01295004	0.01223674	0.01219617	0.01217261	0.01173814	0.01153958	0.01080166	0.01071417	0.002510746	0.0008115906	0.0003548327	8.952228e-05	2.136601e-05	1.67367e-05	1.13075e-05	8.223595e-06	2.640837e-06	2.508346e-06	7.551142e-07	5.491228e-07	5.380239e-07	4.723947e-07	4.688e-07	3.875451e-07	3.846534e-07	2.377159e-07	1.965754e-07
208	0.5525422	0.06107873	0.01097564	0.0101102	0.009614153	0.009579863	0.009576398	0.009500154	0.009361454	0.008690311	0.008664126	0.00177998	0.0003814274	2.722159e-05	1.581628e-05	1.084991e-05	1.045768e-05	8.85857e-06	7.536577e-06	2.3815e-06	2.278676e-06	6.510016e-07	4.619302e-07	4.566436e-07	3.968007e-07	3.944202e-07	3.230536e-07	3.206814e-07	1.844482e-07
209	0.9896229	0.5475586	0.05607003	0.006628429	0.005826775	0.005354722	0.005332478	0.005331141	0.005264167	0.005164847	0.004647169	0.004626332	0.0007206337	0.0002158788	2.124415e-05	1.297153e-05	9.838325e-06	9.500652e-06	8.317979e-06	7.044045e-06	1.83123e-06	1.734592e-06	4.288061e-07	2.781674e-07	2.732805e-07	2.254304e-07	2.236091e-07	1.623897e-07	1.607858e-07
210	0.06390161	0.05702652	0.05579577	0.006989063	0.003878638	0.003781778	0.003340603	0.003332821	0.003332023	0.003270857	0.003211391	0.002854382	0.002841355	0.0004496163	0.0001456712	1.329417e-05	5.973023e-06	3.512257e-06	3.204071e-06	2.173017e-06	9.776167e-07	9.396934e-07	8.486607e-07	2.362915e-07	1.651478e-07	1.608352e-07	1.381041e-07	1.369705e-07	9.867627e-08
211	0.006039324	0.005224997	0.004904986	0.004803424	0.00222306	0.0008550332	0.000804359	0.0004223477	0.0004199138	0.0004197874	0.0003725609	0.0003530037	0.0003371607	0.0003353303	3.678418e-05	1.559684e-05	8.810202e-06	3.5052e-06	2.091503e-06	1.853741e-06	1.112947e-06	3.1336e-07	2.892619e-07	2.444331e-07	5.080974e-08	2.801359e-08	2.484975e-08	1.745006e-08	1.73371e-08
212	0.01366788	0.004066056	0.003279361	0.003106631	0.00305866	0.001634267	0.0005648444	0.0005255768	0.0001483735	0.0001465965	0.0001465144	0.000104822	9.641757e-05	9.200587e-05	9.164814e-05	1.702378e-05	1.032987e-05	7.635067e-06	2.949043e-06	1.745798e-06	1.535502e-06	8.853167e-07	1.800498e-07	1.59794e-07	1.203479e-07	2.266694e-08	1.091175e-08	8.230675e-09	4.349465e-09
213	0.001422914	0.001336155	0.001059094	0.0004001174	0.0003753097	0.0003741851	0.0003443675	0.0003220189	0.0003210574	4.16771e-06	3.154841e-06	3.133351e-06	2.26702e-06	2.093359e-06	1.99337e-06	1.985646e-06	3.972455e-07	2.520066e-07	1.864982e-07	6.729925e-08	3.64351e-08	3.175138e-08	1.846485e-08	3.788534e-09	3.279035e-09	2.468774e-09	4.601347e-10	2.249235e-10	1.70207e-10
214	0.00248923	0.0009796523	0.0009584062	0.0008518211	0.0003474734	0.0003265694	0.0003263608	0.0003237015	0.0003219228	0.0003217109	1.384643e-06	3.721994e-07	3.516102e-07	2.904836e-07	2.759372e-07	2.593254e-07	2.583556e-07	7.384269e-08	5.511412e-08	4.040377e-08	1.073021e-08	2.833078e-09	2.187589e-09	1.431346e-09	3.360211e-10	2.126886e-10	1.625112e-10	3.453466e-11	1.884628e-11
215	0.001048609	0.0006554445	0.0006213271	0.0006205821	0.0005303812	2.169669e-05	1.179377e-06	1.100734e-06	1.070604e-06	1.058467e-06	1.056556e-06	1.055287e-06	3.032484e-08	9.622717e-09	6.116211e-09	5.842818e-09	5.614446e-09	5.595227e-09	2.166806e-09	1.751488e-09	5.957859e-10	4.920815e-10	1.39462e-11	1.14203e-11	9.178053e-12	3.582231e-12	1.637005e-12	1.425334e-12	4.758475e-13
216	0.9285713	0.0009550016	0.0006324029	0.0006061115	0.0006054311	0.0005273667	1.206456e-05	1.177917e-07	6.882609e-08	4.501382e-08	3.57028e-08	3.464571e-08	3.383714e-08	2.842572e-08	7.406374e-09	3.867072e-09	3.630361e-09	3.487966e-09	3.473616e-09	1.083449e-09	8.334847e-10	8.692924e-11	3.258786e-11	1.132509e-11	9.658769e-12	7.852741e-12	3.03604e-12	1.329521e-12	1.144475e-12
217	0.252968	0.2006676	0.000789907	0.0006156821	0.0005949789	0.0005946409	0.0005153948	1.211208e-05	9.435574e-08	4.505842e-08	2.288441e-08	1.440215e-08	1.357506e-08	1.282652e-08	7.348451e-09	7.228071e-09	3.650003e-09	3.41631e-09	3.285529e-09	3.271888e-09	1.056697e-09	8.199457e-10	8.279767e-11	3.089865e-11	1.023229e-11	8.901361e-12	7.213447e-12	2.862055e-12	1.278072e-12
218	0.1358055	0.1233689	0.1127017	0.0006922969	0.0005816609	0.000566963	0.0005667962	0.0004865847	1.204359e-05	8.103479e-08	3.356396e-08	1.65592e-08	9.5168e-09	8.822622e-09	8.184627e-09	2.625098e-09	2.553046e-09	2.407625e-09	2.202924e-09	2.115162e-09	2.104955e-09	7.477773e-10	6.05432e-10	7.598242e-11	2.763128e-11	8.069413e-12	6.830436e-12	5.336643e-12	1.469121e-12
219	0.136059	0.09263583	0.0849876	0.07633182	0.0006435159	0.0005666017	0.0005547278	0.0005546715	0.0004732381	1.20846e-05	7.441866e-08	2.767981e-08	1.487851e-08	8.65905e-09	8.083239e-09	7.490683e-09	1.843724e-09	1.771487e-09	1.631008e-09	1.57962e-09	1.514158e-09	1.507148e-09	5.882022e-10	4.933362e-10	7.17437e-11	2.616417e-11	7.439383e-12	6.256244e-12	4.812156e-12
220	0.2863188	0.1142124	0.07721181	0.07087541	0.06210776	0.00063713	0.0005745384	0.000563771	0.0005637193	0.0004809746	1.226814e-05	7.226719e-08	2.535167e-08	1.43499e-08	8.417379e-09	7.886386e-09	7.29229e-09	1.55456e-09	1.481247e-09	1.342099e-09	1.299265e-09	1.2617e-09	1.255646e-09	5.155399e-10	4.411522e-10	6.709461e-11	2.496599e-11	7.169915e-12	6.045864e-12
221	0.586498	0.1944767	0.06790477	0.04739874	0.04359627	0.04351905	5.552724e-05	8.43286e-06	4.788044e-06	4.758357e-06	3.041387e-06	1.263739e-07	3.253515e-08	1.914048e-08	1.324398e-08	7.936703e-09	7.432633e-09	7.004951e-09	1.177752e-09	1.103674e-09	9.944298e-10	9.618605e-10	9.37008e-10	9.324329e-10	4.046842e-10	3.4901e-10	6.511007e-11	2.433702e-11	6.850334e-12
222	0.5477822	0.5439819	0.1828933	0.06354706	0.0449742	0.04144231	0.04140578	4.024814e-05	4.061458e-06	6.810067e-07	6.516505e-07	4.313527e-07	4.848542e-08	3.205427e-08	1.875288e-08	1.323383e-08	7.979364e-09	7.491922e-09	7.065776e-09	1.14017e-09	1.064865e-09	9.569343e-10	9.254609e-10	9.020674e-10	8.975392e-10	3.965814e-10	3.427745e-10	6.409998e-11	2.415598e-11
223	0.5521335	0.5133009	0.5100594	0.1768914	0.06176098	0.04414024	0.04074431	0.0407116	3.912056e-05	3.532744e-06	1.88681e-07	1.765487e-07	1.078694e-07	2.627429e-08	1.905285e-08	1.875953e-08	1.322779e-08	7.924171e-09	7.585436e-09	7.154259e-09	1.128213e-09	1.051626e-09	9.425173e-10	9.110312e-10	8.88129e-10	8.835826e-10	3.96626e-10	3.430614e-10	6.317867e-11
224	0.4561682	0.3903618	0.3554584	0.3536736	0.09109251	0.04315983	0.03136725	0.0288652	0.02885297	2.369132e-05	2.02188e-06	1.004775e-07	9.411882e-08	6.206997e-08	1.709316e-08	1.105119e-08	1.090028e-08	8.677047e-09	7.368147e-09	7.10727e-09	6.992693e-09	8.849859e-10	8.071539e-10	7.628619e-10	7.494457e-10	7.323041e-10	7.282871e-10	3.76381e-10	3.338244e-10
225	0.3654478	0.3613067	0.2960796	0.2801649	0.2788016	0.080021	0.03915487	0.02890228	0.02663591	0.02662488	2.140717e-05	1.773242e-06	6.694103e-08	6.140554e-08	3.640041e-08	5.548947e-09	3.869689e-09	3.745793e-09	1.996538e-09	1.131586e-09	9.2475e-10	8.414159e-10	8.373562e-10	7.581665e-10	7.191445e-10	7.080616e-10	6.923349e-10	6.884052e-10	3.639703e-10
226	0.3657204	0.3391911	0.3360373	0.2696499	0.2536191	0.2522852	0.0741432	0.03745406	0.02805435	0.02590303	0.02589252	2.082707e-05	1.716707e-06	5.742786e-08	5.224138e-08	2.745333e-08	5.086136e-09	3.518257e-09	3.40542e-09	1.817976e-09	1.018659e-09	8.407656e-10	7.59466e-10	7.554168e-10	7.49576e-10	7.104948e-10	6.998509e-10	6.846412e-10	6.810412e-10
227	0.3954569	0.284079	0.2786358	0.2763717	0.2169605	0.2071616	0.2059847	0.06582659	0.03494466	0.0267625	0.02477618	0.02476806	2.011272e-05	1.657464e-06	5.389462e-08	4.890193e-08	2.513572e-08	4.678964e-09	3.226502e-09	3.126515e-09	1.688759e-09	9.66085e-10	8.121351e-10	7.333119e-10	7.29271e-10	7.28106e-10	7.011062e-10	6.907658e-10	6.76159e-10
228	0.3008997	0.2912484	0.2510422	0.2488915	0.2468138	0.1864089	0.1776326	0.1765103	0.05970616	0.03325066	0.02597625	0.02411135	0.0241071	1.963858e-05	1.617571e-06	5.091625e-08	4.59988e-08	2.296117e-08	4.390946e-09	3.03664e-09	2.947388e-09	1.582908e-09	8.974588e-10	7.554574e-10	7.261429e-10	7.220886e-10	7.215901e-10	6.944322e-10	6.848139e-10
229	0.2691861	0.2571215	0.2536648	0.2321788	0.2310038	0.228905	0.1673746	0.1585923	0.1576053	0.05522792	0.03187425	0.02530982	0.02356744	0.02356326	1.9138e-05	1.576226e-06	5.038647e-08	4.558017e-08	2.280074e-08	4.086927e-09	2.960385e-09	2.878778e-09	1.557433e-09	8.840908e-10	7.448264e-10	7.162001e-10	7.139934e-10	7.134988e-10	6.861873e-10
230	0.3541901	0.186718	0.1752625	0.172215	0.1540007	0.1530345	0.1525459	0.1518984	0.1432167	0.1423559	0.050156	0.02974301	0.02413228	0.02252435	0.02252061	1.806196e-05	1.47048e-06	4.061032e-08	3.609874e-08	1.391494e-08	3.636312e-09	2.779087e-09	2.70566e-09	1.496384e-09	8.425142e-10	7.033584e-10	6.749886e-10	6.728905e-10	6.724808e-10
231	0.5671669	0.1455003	0.1179006	0.1123912	0.1106487	0.09348776	0.09288094	0.09250299	0.09202411	0.09027162	0.08958976	0.03574287	0.02385751	0.02039957	0.01914192	0.01914054	1.519002e-05	1.229027e-06	3.135771e-08	2.795422e-08	1.049583e-08	2.396997e-09	1.728083e-09	1.681759e-09	9.597255e-10	5.840306e-10	5.169594e-10	5.007061e-10	4.992661e-10
232	0.3949335	0.3826102	0.09973176	0.07289577	0.06793216	0.0668903	0.05203238	0.05158939	0.05126282	0.05095386	0.04980918	0.04935794	0.02169369	0.01557106	0.01366602	0.01285861	0.01285785	9.893464e-06	8.040143e-07	2.544822e-08	2.346024e-08	9.429079e-09	1.441804e-09	8.725416e-10	8.476688e-10	4.888994e-10	3.273845e-10	3.060123e-10	2.992332e-10
233	0.3908337	0.3639859	0.3553811	0.07649431	0.04964791	0.04492219	0.04418319	0.02956173	0.02923382	0.02916853	0.02900089	0.02833916	0.02799315	0.01089303	0.007203778	0.006206938	0.005802108	0.005801709	4.696392e-06	3.933367e-07	2.072357e-08	1.976414e-08	8.791055e-09	9.625442e-10	4.433152e-10	4.293282e-10	2.248555e-10	1.528922e-10	1.441724e-10
234	0.4644175	0.3782371	0.353591	0.3475199	0.0636834	0.03649332	0.03197524	0.03168742	0.01721071	0.01694496	0.01691359	0.01684233	0.01655297	0.01628549	0.005743581	0.003536962	0.002962954	0.002748937	0.002748667	2.215092e-06	1.872587e-07	1.264357e-08	1.21702e-08	4.353871e-09	6.062381e-10	2.260181e-10	2.181341e-10	9.147292e-11	6.627243e-11
235	0.1340385	0.1068062	0.09308786	0.06840892	0.06295853	0.06143336	0.03369365	0.02918747	0.02893955	0.01425239	0.01399821	0.01397563	0.01392869	0.01372652	0.01366608	0.004301948	0.00234787	0.001865392	0.001712655	0.001712416	1.405179e-06	1.228079e-07	1.208792e-08	1.17484e-08	4.321405e-09	5.556012e-10	1.733618e-10	1.668595e-10	5.586871e-11
236	0.5725729	0.07262244	0.05157903	0.04112189	0.04019165	0.03472158	0.03321847	0.03306058	0.02847649	0.02823896	0.01326423	0.01301219	0.0129958	0.01295915	0.01279454	0.01274112	0.003676571	0.00179206	0.00134283	0.001218567	0.001218353	1.042563e-06	9.374267e-08	1.126186e-08	1.097989e-08	3.810958e-09	5.222885e-10	1.507795e-10	1.447978e-10
237	0.1778811	0.1526918	0.05349621	0.03946553	0.03103245	0.03023805	0.02981695	0.02922114	0.02907861	0.02748118	0.02739893	0.0121283	0.01187821	0.011866	0.01184002	0.01171331	0.01166829	0.002947926	0.00114255	0.0007349929	0.0006439891	0.0006437832	6.266804e-07	6.130371e-08	1.114153e-08	1.092291e-08	3.85712e-09	5.068613e-10	1.289996e-10
238	0.1890714	0.07703785	0.06256419	0.04444949	0.0334229	0.02862066	0.02792971	0.02758684	0.02738541	0.02724928	0.02720016	0.02715456	0.01156255	0.01131209	0.01130211	0.0112826	0.01118105	0.01114396	0.002648648	0.0008991721	0.0005235204	0.0004608823	0.0004606862	4.711342e-07	4.911744e-08	1.117015e-08	1.098015e-08	3.850015e-09	4.238204e-10
239	0.4485547	0.1620984	0.06797935	0.05824613	0.04136627	0.03237857	0.0283622	0.02778859	0.02748574	0.02729429	0.02716977	0.0271341	0.02709736	0.01116636	0.01091499	0.01090989	0.01089732	0.01082475	0.01079361	0.002557255	0.0008662372	0.0005050662	0.0004444477	0.0004442577	4.410368e-07	4.64187e-08	1.133239e-08	1.120021e-08	3.920316e-09
240	0.0599969	0.0551081	0.03375583	0.02768427	0.02492068	0.01755281	0.01245061	0.01028576	0.009885033	0.009683656	0.009548907	0.009441132	0.009422469	0.009416253	0.009329378	0.009084826	0.009082057	0.009076733	0.009032906	0.009011298	0.002023915	0.0006149381	0.0003304507	0.0002885158	0.0002883909	2.459912e-07	3.027589e-08	1.134934e-08	1.127883e-08
241	0.02934157	0.0194284	0.01704737	0.0152064	0.01317529	0.01118589	0.0077836	0.005890766	0.004891066	0.004699848	0.00460033	0.004535545	0.004464367	0.0044554	0.004452832	0.004411869	0.00439351	0.004392115	0.004389893	0.004370165	0.004359973	0.0009763455	0.0002944013	0.0001568263	0.0001365495	0.0001365293	1.199955e-07	2.020255e-08	1.15054e-08
242	0.02680806	0.01182681	0.007662875	0.006223603	0.00566493	0.004835676	0.003028936	0.002118838	0.001612656	0.001344805	0.00129216	0.001259355	0.001241989	0.001195518	0.001192066	0.001191245	0.001179631	0.001174663	0.00117437	0.001173754	0.001168455	0.001165659	0.0002586098	7.567938e-05	3.865517e-05	3.319074e-05	3.31838e-05	3.674659e-08	1.363902e-08
243	0.109482	0.01879533	0.007231288	0.004232118	0.003038965	0.002915573	0.002416864	0.0006313429	0.0004347656	0.0003229353	0.0002726109	0.0002618735	0.0002490749	0.0002458139	0.0002061372	0.0002043105	0.0002040036	0.0002012554	0.0002003647	0.0002003088	0.0002001948	0.0001992508	0.0001986939	4.460199e-05	1.332574e-05	6.837809e-06	5.881807e-06	5.879418e-06	1.78795e-08
244	0.6049941	0.09799712	0.01024241	0.005948373	0.003168903	0.002055809	0.002037394	0.001993806	0.0001768656	8.913018e-05	6.282626e-05	4.965618e-05	4.795444e-05	3.8358e-05	3.747436e-05	3.715511e-05	3.556977e-05	3.534549e-05	3.408062e-05	3.387779e-05	3.386116e-05	3.382584e-05	3.362054e-05	3.344123e-05	8.504331e-06	2.989347e-06	1.702262e-06	1.50852e-06	1.506958e-06
245	0.6476695	0.6160313	0.0979504	0.008139696	0.006004977	0.003172748	0.002041299	0.002030181	0.002000776	0.0001349251	5.757877e-05	3.855986e-05	2.958949e-05	2.866215e-05	1.922117e-05	1.859583e-05	1.841783e-05	1.730813e-05	1.709381e-05	1.597032e-05	1.584073e-05	1.582814e-05	1.58017e-05	1.567756e-05	1.55377e-05	4.576096e-06	1.885196e-06	1.157239e-06	1.045725e-06
246	0.9630943	0.6609164	0.6320253	0.0994565	0.007714962	0.006130473	0.003234959	0.002078668	0.002068419	0.00204043	0.0001217853	4.600929e-05	2.756473e-05	1.911815e-05	1.825744e-05	1.755305e-05	1.694591e-05	1.677861e-05	1.572569e-05	1.560033e-05	1.446799e-05	1.434325e-05	1.433115e-05	1.430649e-05	1.419227e-05	1.405418e-05	4.229359e-06	1.759565e-06	1.075758e-06
247	0.9690032	0.954519	0.674788	0.6486445	0.1009127	0.006707967	0.00508514	0.002110719	0.002079846	0.002070191	0.002041935	0.0001202616	4.3469e-05	2.519421e-05	1.725926e-05	1.64502e-05	1.598305e-05	1.559478e-05	1.543675e-05	1.435686e-05	1.423872e-05	1.309297e-05	1.297154e-05	1.295943e-05	1.29347e-05	1.282412e-05	1.271106e-05	3.966609e-06	1.700166e-06
248	0.9629908	0.9476454	0.9437978	0.6916641	0.6678187	0.1037908	0.006776244	0.005198511	0.002150363	0.002120062	0.002113532	0.002086633	0.0001069915	3.865646e-05	2.303625e-05	1.569091e-05	1.496582e-05	1.453087e-05	1.419237e-05	1.406263e-05	1.2954e-05	1.283401e-05	1.166805e-05	1.155134e-05	1.154126e-05	1.151697e-05	1.141014e-05	1.129719e-05	3.694625e-06
249	0.9429819	0.9276874	0.9236328	0.9201082	0.707229	0.6853533	0.1039736	0.003967159	0.00235593	0.002205035	0.002174639	0.002168825	0.002142436	0.0001010858	3.510127e-05	2.108141e-05	1.408779e-05	1.342867e-05	1.302196e-05	1.271064e-05	1.259449e-05	1.145489e-05	1.133241e-05	1.014617e-05	1.007215e-05	1.006248e-05	1.003819e-05	9.935189e-06	9.822803e-06
250	0.3760268	0.3268246	0.315962	0.3121914	0.309165	0.1246162	0.1090382	0.107154	0.00399502	0.002412541	0.002259612	0.00223245	0.002227177	0.002202746	9.615806e-05	3.083431e-05	1.802906e-05	1.152427e-05	1.092072e-05	1.054223e-05	1.026533e-05	1.015996e-05	1.009846e-05	9.974909e-06	8.797289e-06	8.731e-06	8.721881e-06	8.698603e-06	8.602763e-06
251	0.2253532	0.2209861	0.1847606	0.1750816	0.1721153	0.1690754	0.01873281	0.005574178	0.004227229	0.004000439	0.002453882	0.002298579	0.002290612	0.002286076	0.002264253	8.915914e-05	2.598063e-05	1.542163e-05	9.851916e-06	9.328963e-06	8.987989e-06	8.769592e-06	8.680825e-06	8.626379e-06	8.599059e-06	7.432241e-06	7.374422e-06	7.366076e-06	7.343905e-06
252	0.1426735	0.1417333	0.1411315	0.1146292	0.1079206	0.1056384	0.1030785	0.009970849	0.001784173	0.0009433342	0.0008198879	0.0002692258	0.0001129904	0.0001065142	0.0001035958	8.446271e-05	8.074277e-05	1.991442e-05	1.158272e-05	6.981846e-06	6.61999e-06	6.356148e-06	6.201017e-06	6.142929e-06	6.097175e-06	6.073358e-06	5.921918e-06	5.879405e-06	5.871964e-06
253	0.4840062	0.1005114	0.09975934	0.09949145	0.07907574	0.07384999	0.07206176	0.07089135	0.006983357	0.001348118	0.0007727706	0.0006879623	0.0002119095	5.318565e-05	4.780686e-05	4.574193e-05	2.961161e-05	2.652993e-05	1.503768e-05	8.820595e-06	5.08746e-06	4.820014e-06	4.601009e-06	4.489758e-06	4.449222e-06	4.409513e-06	4.387541e-06	4.290369e-06	4.259415e-06
254	0.5274723	0.07709797	0.07686976	0.07661655	0.07644025	0.05919669	0.05462126	0.05307223	0.0529078	0.005194547	0.0009690085	0.0005359413	0.000471525	5.004209e-05	4.537378e-05	4.057408e-05	3.894292e-05	2.448829e-05	2.171801e-05	1.220292e-05	7.264675e-06	3.91016e-06	3.690519e-06	3.492241e-06	3.406016e-06	3.375236e-06	3.339107e-06	3.317727e-06	3.232543e-06
255	0.1236164	0.1039343	0.05571189	0.05555313	0.05531894	0.05515785	0.04289873	0.04029349	0.03896676	0.03885412	0.003775594	0.0006816595	0.0003630833	0.0003151074	3.776426e-05	3.447487e-05	3.196499e-05	3.070157e-05	1.929611e-05	1.719308e-05	9.782581e-06	5.98285e-06	2.963741e-06	2.784015e-06	2.604254e-06	2.537365e-06	2.514275e-06	2.484095e-06	2.463341e-06
256	0.09124021	0.08662022	0.06893678	0.03373716	0.03363236	0.03356224	0.03342409	0.0239047	0.02211586	0.02109637	0.02100643	0.002187615	0.0004992744	0.0003225776	0.0002949152	2.997438e-05	2.770172e-05	2.568269e-05	2.489984e-05	1.438237e-05	1.249752e-05	7.280691e-06	4.433289e-06	1.758353e-06	1.627148e-06	1.470851e-06	1.426774e-06	1.413211e-06	1.385196e-06
257	0.2151273	0.05668135	0.05328488	0.03778267	0.0167843	0.01671465	0.01669667	0.01659045	0.01187228	0.01144699	0.01085531	0.01079153	0.001250114	0.0003671768	0.0002721759	0.0002563561	2.061554e-05	1.902418e-05	1.761275e-05	1.726949e-05	8.076148e-06	6.388507e-06	4.797512e-06	3.33935e-06	1.050335e-06	9.516476e-07	8.125662e-07	7.899258e-07	7.833912e-07
258	0.9879051	0.195632	0.03769108	0.03502405	0.02432404	0.009320889	0.009271405	0.009263488	0.009191876	0.007118386	0.006880931	0.006804309	0.006775451	0.000725969	0.0001797801	0.0001206257	0.0001106455	1.143927e-05	1.06522e-05	9.972276e-06	9.764176e-06	5.007692e-06	4.111349e-06	3.056377e-06	2.283589e-06	6.856518e-07	6.201176e-07	5.214832e-07	5.069558e-07
259	0.03772374	0.03731739	0.01948598	0.01259836	0.01191031	0.006821688	0.00364358	0.003633601	0.003630563	0.00359728	0.003091476	0.002998077	0.002967475	0.002962267	0.0002907311	5.563072e-05	2.996605e-05	2.558876e-05	3.441436e-06	3.190442e-06	3.008542e-06	2.921605e-06	1.895925e-06	1.61675e-06	1.342237e-06	1.135499e-06	3.146214e-07	2.850437e-07	2.33382e-07
260	0.002534261	0.002266596	0.002259581	0.001998468	0.000183801	0.0001541019	9.755196e-05	5.638122e-05	5.626168e-05	5.621147e-05	5.559532e-05	4.855066e-05	4.708437e-05	4.660107e-05	4.653825e-05	4.440767e-06	7.776133e-07	3.948751e-07	3.278761e-07	5.729666e-08	5.384753e-08	5.137708e-08	5.013242e-08	3.631725e-08	3.108709e-08	2.664254e-08	2.34901e-08	5.009151e-09	4.397145e-09
261	0.03852558	0.002095271	0.001975672	0.001973266	0.001914589	5.930661e-05	3.577485e-05	3.051872e-05	1.933463e-05	1.93014e-05	1.928475e-05	1.903004e-05	1.72499e-05	1.682909e-05	1.668521e-05	1.666509e-05	1.519127e-06	2.087524e-07	7.616378e-08	5.343216e-08	1.923067e-08	1.818565e-08	1.765107e-08	1.725049e-08	1.459338e-08	1.250352e-08	1.114678e-08	1.032769e-08	1.78847e-09
262	0.03661115	0.009191615	0.002005562	0.001977663	0.001976955	0.001965164	2.777037e-05	7.409641e-06	5.725564e-06	3.568016e-06	3.562188e-06	3.559407e-06	3.532637e-06	3.214396e-06	3.136801e-06	3.110344e-06	3.106875e-06	2.821031e-07	3.793862e-08	1.328314e-08	9.066876e-09	3.489201e-09	3.300271e-09	3.206092e-09	3.132176e-09	2.679333e-09	2.29297e-09	2.043346e-09	1.89607e-09
263	0.05345947	0.005763863	0.003260484	4.197494e-05	3.158374e-05	3.140101e-05	2.687449e-05	2.54849e-05	4.166342e-06	2.793847e-06	1.817373e-06	1.814607e-06	1.813033e-06	1.792817e-06	1.637596e-06	1.599259e-06	1.58597e-06	1.584286e-06	1.433587e-07	1.891889e-08	6.348493e-09	4.215141e-09	1.727646e-09	1.632929e-09	1.586571e-09	1.549037e-09	1.322525e-09	1.128394e-09	1.003088e-09
264	0.1317481	0.03527419	0.003749004	0.002159376	1.42701e-05	7.317516e-06	7.195489e-06	4.313463e-06	3.346786e-06	3.259564e-06	1.918778e-06	1.257268e-06	1.255417e-06	1.254586e-06	1.250789e-06	1.146866e-06	1.120688e-06	1.111587e-06	1.110469e-06	1.001975e-07	1.300691e-08	4.195934e-09	2.713136e-09	1.167886e-09	1.102508e-09	1.071077e-09	1.044854e-09	8.893023e-10	7.566973e-10
265	0.06752155	0.06289929	0.01824535	0.001805146	0.000985017	6.742311e-06	3.495013e-06	3.438836e-06	2.144336e-06	1.732869e-06	1.689178e-06	1.012967e-06	6.847314e-07	6.838091e-07	6.833856e-07	6.816522e-07	6.308709e-07	6.175496e-07	6.128306e-07	6.122508e-07	5.500305e-08	6.94267e-09	2.092403e-09	1.300898e-09	5.699755e-10	5.345637e-10	5.181797e-10	5.038053e-10	4.21321e-10
266	0.03002009	0.02053236	0.0192267	0.00484275	0.0004033015	0.0001855654	1.111287e-06	6.955375e-07	6.815722e-07	4.531067e-07	3.567141e-07	3.461348e-07	3.217429e-07	2.314829e-07	2.312327e-07	2.310909e-07	2.307658e-07	2.140971e-07	2.09619e-07	2.080326e-07	2.078387e-07	1.858543e-08	2.267711e-09	6.22116e-10	3.71694e-10	1.413123e-10	1.294565e-10	1.242583e-10	1.194069e-10
267	0.01863396	0.006252273	0.004398392	0.004117109	0.001016305	6.333024e-05	1.942911e-05	1.698524e-07	1.127086e-07	1.102556e-07	9.062115e-08	7.376303e-08	7.182173e-08	6.749174e-08	5.084025e-08	5.079361e-08	5.076355e-08	5.072851e-08	4.715703e-08	4.620707e-08	4.58731e-08	4.583068e-08	4.090193e-09	4.909386e-10	1.279785e-10	7.530554e-11	2.376071e-11	2.115375e-11	2.001662e-11
268	0.0002055462	6.658308e-05	3.239843e-05	2.66246e-05	2.604152e-05	2.15695e-06	1.308761e-07	2.931946e-08	3.655164e-10	2.800664e-10	2.744918e-10	2.359047e-10	1.947103e-10	1.905696e-10	1.821899e-10	1.1813e-10	1.173686e-10	1.172737e-10	1.171959e-10	8.626156e-11	8.354533e-11	8.252436e-11	8.208036e-11	9.031241e-12	2.36105e-12	1.685451e-12	1.586831e-12	1.06653e-13	9.596835e-14
269	0.03539818	0.0001163428	4.573529e-05	2.62324e-05	2.258524e-05	2.235066e-05	9.581018e-07	6.280094e-08	1.212098e-08	1.983124e-10	1.556e-10	1.529384e-10	1.299522e-10	1.071989e-10	1.052759e-10	1.01976e-10	5.562637e-11	5.486325e-11	5.480709e-11	5.476468e-11	2.664682e-11	2.516276e-11	2.470796e-11	2.428744e-11	4.023636e-12	1.873547e-12	1.653515e-12	1.620034e-12	8.719014e-14
270	0.9989901	0.03175115	4.37135e-05	1.119757e-05	4.58678e-06	3.669406e-06	3.530707e-06	5.025194e-07	3.290635e-08	1.027078e-08	1.91989e-10	1.524055e-10	1.498055e-10	1.300473e-10	1.077801e-10	1.05907e-10	1.027738e-10	5.414206e-11	5.396631e-11	5.390885e-11	5.386591e-11	2.363625e-11	2.213772e-11	2.168296e-11	2.124879e-11	3.922218e-12	1.988392e-12	1.789874e-12	1.759296e-12
271	0.2863704	0.2862905	0.02114503	2.632011e-05	7.237158e-06	2.52078e-06	1.847246e-06	1.739912e-06	3.755497e-07	2.333541e-08	7.076322e-09	1.341665e-10	1.092903e-10	1.072393e-10	9.391228e-11	8.087122e-11	7.965282e-11	7.71991e-11	4.545766e-11	4.534065e-11	4.529496e-11	4.526428e-11	1.918029e-11	1.790452e-11	1.752017e-11	1.715025e-11	3.23044e-12	1.651593e-12	1.489367e-12
272	0.2004445	0.1939502	0.1938939	0.01437811	1.799638e-05	4.96077e-06	1.658967e-06	1.189353e-06	1.113221e-06	2.641729e-07	1.640119e-08	4.996689e-09	9.472447e-11	7.723375e-11	7.578235e-11	6.646636e-11	5.731412e-11	5.646074e-11	5.471413e-11	3.23987e-11	3.231691e-11	3.228468e-11	3.226309e-11	1.364129e-11	1.272982e-11	1.245681e-11	1.219917e-11	2.275225e-12	1.151744e-12
273	0.1131225	0.1059039	0.1029619	0.1029321	0.007651166	9.567813e-06	2.630547e-06	8.73288e-07	6.229136e-07	5.826842e-07	1.404222e-07	8.645757e-09	2.608604e-09	4.914162e-11	4.015204e-11	3.93968e-11	3.463213e-11	2.997192e-11	2.953224e-11	2.860487e-11	1.721755e-11	1.717608e-11	1.715886e-11	1.714731e-11	7.219823e-12	6.732716e-12	6.587249e-12	6.460409e-12	1.166491e-12
274	0.04681039	0.03165564	0.02969244	0.02884729	0.0288389	0.002142255	2.675232e-06	7.328486e-07	2.430307e-07	1.734543e-07	1.622615e-07	3.907734e-08	2.401658e-09	7.225292e-10	1.356783e-11	1.108897e-11	1.08778e-11	9.561654e-12	8.286244e-12	8.1656e-12	7.905832e-12	4.80294e-12	4.791655e-12	4.7869e-12	4.783765e-12	2.025278e-12	1.881636e-12	1.839777e-12	1.804987e-12
275	0.04166063	0.01017952	0.006889956	0.006459925	0.006281945	0.006280101	0.0004669381	5.787187e-07	1.557147e-07	5.161433e-08	3.68244e-08	3.446845e-08	8.290234e-09	5.089455e-10	1.528445e-10	2.783962e-12	2.26196e-12	2.215174e-12	1.94097e-12	1.682788e-12	1.65841e-12	1.601604e-12	1.002998e-12	1.000803e-12	9.996686e-13	9.989764e-13	4.493716e-13	4.093004e-13	3.98811e-13
276	0.1200387	0.01735651	0.004355198	0.002946508	0.002762379	0.002686154	0.002685451	0.0001996087	2.441655e-07	6.335295e-08	2.12771e-08	1.500758e-08	1.405229e-08	3.343798e-09	1.93288e-10	5.064392e-11	6.320325e-13	4.936522e-13	4.800947e-13	4.154203e-13	3.588579e-13	3.522357e-13	3.2746e-13	2.090504e-13	2.086772e-13	2.083094e-13	2.080779e-13	1.696241e-13	1.577866e-13
277	0.9805068	0.1079765	0.01593682	0.004264647	0.002885722	0.002705399	0.002630635	0.002630071	0.0001954125	2.382996e-07	6.151722e-08	2.079199e-08	1.465586e-08	1.372182e-08	3.255313e-09	1.868025e-10	4.798848e-11	5.541767e-13	4.285461e-13	4.172819e-13	3.628681e-13	3.104455e-13	3.041735e-13	2.800589e-13	1.897723e-13	1.894259e-13	1.891682e-13	1.889872e-13	1.616995e-13
278	0.178734	0.1732766	0.04833203	0.01241169	0.003820246	0.002596284	0.002434637	0.002368083	0.002367746	0.0001758882	2.128407e-07	5.479215e-08	1.846936e-08	1.2981e-08	1.214064e-08	2.913907e-09	1.654275e-10	4.119437e-11	4.154371e-13	3.14487e-13	3.068963e-13	2.688573e-13	2.255001e-13	2.201254e-13	1.996507e-13	1.515553e-13	1.51373e-13	1.512657e-13	1.511634e-13
279	0.9876735	0.1787534	0.173329	0.0493571	0.01359629	0.004375899	0.002974461	0.002789331	0.002713301	0.002712964	0.0002015213	2.438278e-07	6.273385e-08	2.11408e-08	1.485233e-08	1.388957e-08	3.332515e-09	1.882737e-10	4.620796e-11	4.571608e-13	3.456479e-13	3.374175e-13	2.968562e-13	2.483559e-13	2.423405e-13	2.217751e-13	1.712602e-13	1.710558e-13	1.709487e-13
280	0.9978684	0.9858801	0.1815244	0.17613	0.05300609	0.01732264	0.006105001	0.004151454	0.003893285	0.003787764	0.003787419	0.0002813005	3.402645e-07	8.745576e-08	2.945286e-08	2.067693e-08	1.93331e-08	4.636987e-09	2.597108e-10	6.203978e-11	5.929388e-13	4.475382e-13	4.369576e-13	3.870579e-13	3.218248e-13	3.137056e-13	2.919646e-13	2.328541e-13	2.325821e-13
