#unpaired probabilities
 #i$	l=1	2	3	4	5	6	7	8	9	10	11	12	13	14	15	16	17	18	19	20	21	22	23	24	25	26	27	28	29	
1	0.985079	NA	NA	NA	NA	NA	NA	NA	NA	NA	NA	NA	NA	NA	NA	NA	NA	NA	NA	NA	NA	NA	NA	NA	NA	NA	NA	NA	NA
2	0.9637134	0.9563579	NA	NA	NA	NA	NA	NA	NA	NA	NA	NA	NA	NA	NA	NA	NA	NA	NA	NA	NA	NA	NA	NA	NA	NA	NA	NA	NA
3	0.6180209	0.6136781	0.6057262	NA	NA	NA	NA	NA	NA	NA	NA	NA	NA	NA	NA	NA	NA	NA	NA	NA	NA	NA	NA	NA	NA	NA	NA	NA	NA
4	0.6050182	0.5294732	0.5277444	0.5203211	NA	NA	NA	NA	NA	NA	NA	NA	NA	NA	NA	NA	NA	NA	NA	NA	NA	NA	NA	NA	NA	NA	NA	NA	NA
5	0.01549805	0.01309777	0.009180618	0.008894858	0.008705923	NA	NA	NA	NA	NA	NA	NA	NA	NA	NA	NA	NA	NA	NA	NA	NA	NA	NA	NA	NA	NA	NA	NA	NA
6	0.01311204	0.001054886	0.0009358242	0.0008517276	0.000853967	0.0008467222	NA	NA	NA	NA	NA	NA	NA	NA	NA	NA	NA	NA	NA	NA	NA	NA	NA	NA	NA	NA	NA	NA	NA
7	0.06355458	0.004379141	0.0003193003	0.0002730352	0.0002331918	0.0002257615	0.0002194042	NA	NA	NA	NA	NA	NA	NA	NA	NA	NA	NA	NA	NA	NA	NA	NA	NA	NA	NA	NA	NA	NA
8	0.5245337	0.06291385	0.004320765	0.000313307	0.0002666146	0.0002264926	0.0002185747	0.000212002	NA	NA	NA	NA	NA	NA	NA	NA	NA	NA	NA	NA	NA	NA	NA	NA	NA	NA	NA	NA	NA
9	0.1841303	0.1135283	0.02684037	0.002062867	0.0001539494	0.000133595	0.0001142413	0.0001077837	0.0001029805	NA	NA	NA	NA	NA	NA	NA	NA	NA	NA	NA	NA	NA	NA	NA	NA	NA	NA	NA	NA
10	0.3890913	0.138062	0.07508357	0.02180131	0.001620005	0.0001227394	0.0001070222	9.223143e-05	8.627342e-05	8.200655e-05	NA	NA	NA	NA	NA	NA	NA	NA	NA	NA	NA	NA	NA	NA	NA	NA	NA	NA	NA
11	0.2552156	0.1899811	0.1219405	0.06564272	0.01922508	0.001392041	0.0001057648	9.284591e-05	8.077223e-05	7.511029e-05	7.107077e-05	NA	NA	NA	NA	NA	NA	NA	NA	NA	NA	NA	NA	NA	NA	NA	NA	NA	NA
12	0.8143001	0.2462789	0.1833519	0.1188895	0.06360937	0.01852487	0.001282098	0.0001024759	9.032498e-05	7.917029e-05	7.367891e-05	6.971372e-05	NA	NA	NA	NA	NA	NA	NA	NA	NA	NA	NA	NA	NA	NA	NA	NA	NA
13	0.0945094	0.08114817	0.05451822	0.0397671	0.02525382	0.01798601	0.005074391	0.0003641144	2.56065e-05	2.082122e-05	1.467211e-05	1.32137e-05	1.241338e-05	NA	NA	NA	NA	NA	NA	NA	NA	NA	NA	NA	NA	NA	NA	NA	NA
14	0.1242855	0.06039002	0.05118768	0.0338734	0.02362665	0.013536	0.008261496	0.002453642	0.0002602118	1.708671e-05	1.319681e-05	8.506593e-06	7.459068e-06	6.967708e-06	NA	NA	NA	NA	NA	NA	NA	NA	NA	NA	NA	NA	NA	NA	NA
15	0.1684823	0.1124209	0.05525947	0.0468385	0.03057053	0.02114615	0.01219394	0.007457342	0.002216003	0.0002427728	1.574613e-05	1.204139e-05	7.454973e-06	6.415737e-06	5.965538e-06	NA	NA	NA	NA	NA	NA	NA	NA	NA	NA	NA	NA	NA	NA
16	0.4366063	0.1170652	0.07457893	0.03859026	0.03221534	0.02301225	0.01584228	0.008901236	0.005488427	0.001640739	0.000201604	1.229897e-05	8.940408e-06	4.607087e-06	3.702548e-06	3.365749e-06	NA	NA	NA	NA	NA	NA	NA	NA	NA	NA	NA	NA	NA
17	0.9280995	0.4275379	0.1119327	0.07119743	0.0368639	0.03072828	0.02201179	0.01517425	0.008500998	0.005230127	0.001562826	0.0001935407	1.184905e-05	8.542318e-06	4.269301e-06	3.3791e-06	3.057073e-06	NA	NA	NA	NA	NA	NA	NA	NA	NA	NA	NA	NA
18	0.5241677	0.4897583	0.4094464	0.09936224	0.06026054	0.03285463	0.02707339	0.02083498	0.01433329	0.007983895	0.004892511	0.001469265	0.0001864326	1.123738e-05	7.992852e-06	3.829464e-06	2.967558e-06	2.667182e-06	NA	NA	NA	NA	NA	NA	NA	NA	NA	NA	NA
19	0.2843929	0.2230761	0.1904003	0.1258813	0.06463289	0.0395613	0.02042431	0.01754328	0.01333403	0.009209192	0.005415313	0.003423267	0.001042537	0.0001497103	8.471017e-06	5.67492e-06	1.958639e-06	1.153482e-06	9.004107e-07	NA	NA	NA	NA	NA	NA	NA	NA	NA	NA
20	0.1743931	0.04329495	0.04065948	0.04013569	0.00852557	0.006198046	0.004720048	0.001769657	0.001526535	0.001098439	0.0006990311	0.0003260116	0.0002055676	6.245686e-05	8.906474e-06	5.047709e-07	3.392158e-07	1.20649e-07	7.341742e-08	5.844605e-08	NA	NA	NA	NA	NA	NA	NA	NA	NA
21	0.4247341	0.1246615	0.01137696	0.0091133	0.008187521	0.004853357	0.003982346	0.003381408	0.001040491	0.0008837055	0.0006062807	0.0003594625	0.0001226201	7.68971e-05	2.323459e-05	3.251016e-06	1.84793e-07	1.256161e-07	4.795988e-08	3.130295e-08	2.59193e-08	NA	NA	NA	NA	NA	NA	NA	NA
22	0.4463012	0.3656913	0.1194351	0.008131152	0.006171631	0.005376438	0.002538515	0.001851236	0.001321145	0.0008272011	0.0006850231	0.0004981392	0.0002847028	7.865278e-05	4.926771e-05	1.485552e-05	2.069856e-06	1.173918e-07	8.002849e-08	3.132192e-08	2.089895e-08	1.750316e-08	NA	NA	NA	NA	NA	NA	NA
23	0.1103002	0.09723617	0.06625415	0.008046658	0.001660382	0.001386216	0.001232565	0.0009057851	0.0006824365	0.0004808191	0.0002890121	0.0002525414	0.0001834908	0.0001095453	3.188466e-05	1.986827e-05	5.946052e-06	7.58066e-07	4.421319e-08	3.149079e-08	1.598875e-08	1.283841e-08	1.172185e-08	NA	NA	NA	NA	NA	NA
24	0.621551	0.1070769	0.09395199	0.06557049	0.008019477	0.00165513	0.001382147	0.001229184	0.0009035458	0.0006807711	0.0004796477	0.0002883301	0.0002519493	0.000183061	0.0001092532	3.174261e-05	1.977982e-05	5.920362e-06	7.560855e-07	4.406576e-08	3.137072e-08	1.588813e-08	1.274256e-08	1.163328e-08	NA	NA	NA	NA	NA
25	0.3746398	0.07215888	0.03328968	0.02742737	0.006240561	0.001084759	0.0005398197	0.0004437905	0.0003649198	0.0002854745	0.0002077728	0.0001326754	7.36662e-05	6.259252e-05	4.649246e-05	3.033847e-05	1.411188e-05	8.649972e-06	2.543174e-06	2.465089e-07	1.684453e-08	1.35204e-08	1.057198e-08	1.017211e-08	9.890186e-09	NA	NA	NA	NA
26	0.2043933	0.1711174	0.0417784	0.01286957	0.00821166	0.003747196	0.0006887689	0.000404798	0.0003241828	0.00025611	0.0002008232	0.0001443219	8.596275e-05	4.464751e-05	3.695809e-05	2.790918e-05	1.944169e-05	1.087729e-05	6.812675e-06	1.983893e-06	1.627806e-07	1.267609e-08	1.112099e-08	9.832062e-09	9.796023e-09	9.624655e-09	NA	NA	NA
27	0.2275567	0.1934336	0.1625425	0.03994454	0.01193844	0.007405338	0.003506939	0.0006220248	0.0003928885	0.000313907	0.0002471405	0.0001935311	0.0001388808	8.194036e-05	4.21764e-05	3.478041e-05	2.629045e-05	1.842014e-05	1.046819e-05	6.542515e-06	1.906376e-06	1.526079e-07	1.230119e-08	1.086608e-08	9.692905e-09	9.683597e-09	9.528425e-09	NA	NA
28	0.2514611	0.2139512	0.184337	0.1547978	0.038117	0.01129052	0.006923505	0.003170143	0.000598754	0.0003808246	0.0003052296	0.0002406426	0.0001882211	0.0001349307	7.928076e-05	4.074164e-05	3.357845e-05	2.53644e-05	1.775512e-05	1.007426e-05	6.29538e-06	1.835047e-06	1.479136e-07	1.192574e-08	1.053163e-08	9.360789e-09	9.353143e-09	9.221599e-09	NA
29	0.2792783	0.2468347	0.2106001	0.1814869	0.1523304	0.03591362	0.01100635	0.006689258	0.002998536	0.0005865187	0.0003763968	0.0003017461	0.0002379268	0.0001860629	0.00013336	7.83019e-05	4.021086e-05	3.312797e-05	2.502108e-05	1.749889e-05	9.934431e-06	6.210145e-06	1.811349e-06	1.461233e-07	1.178606e-08	1.040925e-08	9.248225e-09	9.241135e-09	9.114021e-09
30	0.8814354	0.1818338	0.1473186	0.1119228	0.08000139	0.04815334	0.03367159	0.01006317	0.006049663	0.00285843	0.0005606945	0.0003583125	0.0002884563	0.0002296544	0.0001790707	0.0001279224	7.476847e-05	3.885252e-05	3.234851e-05	2.450674e-05	1.713599e-05	9.708063e-06	6.076567e-06	1.771877e-06	1.422186e-07	1.097763e-08	9.496777e-09	8.178007e-09	8.076307e-09
31	0.8885219	0.8706131	0.1723523	0.1378343	0.1024392	0.07039742	0.03842758	0.02380197	0.009862236	0.005898237	0.00275577	0.0004795794	0.0003546066	0.0002854925	0.0002273823	0.0001772287	0.0001265591	7.386849e-05	3.838627e-05	3.19741e-05	2.424229e-05	1.697246e-05	9.616435e-06	6.020568e-06	1.754827e-06	1.404897e-07	1.084006e-08	9.372579e-09	8.066281e-09
32	0.8931554	0.886437	0.8687299	0.1713585	0.1369842	0.101713	0.06975788	0.03827157	0.0237003	0.009810824	0.005874152	0.00274641	0.0004778438	0.0003533086	0.0002844422	0.0002265373	0.0001765709	0.0001260925	7.360059e-05	3.824906e-05	3.185991e-05	2.41571e-05	1.691355e-05	9.582927e-06	5.999726e-06	1.748727e-06	1.399617e-07	1.080081e-08	9.33941e-09
33	0.4165115	0.3958452	0.3784847	0.3492543	0.143646	0.1151906	0.08551301	0.05828447	0.03163741	0.01955396	0.007975183	0.00472488	0.002264058	0.0003944658	0.000291452	0.0002336602	0.0001851637	0.0001437675	0.0001022526	5.868322e-05	3.004228e-05	2.489521e-05	1.895767e-05	1.344145e-05	7.889213e-06	4.937905e-06	1.437792e-06	1.123644e-07	8.882903e-09
34	0.4373178	0.3982332	0.3777678	0.3601348	0.3305812	0.1421811	0.1140073	0.08462208	0.05762485	0.03121539	0.01930652	0.007860549	0.004645296	0.002237626	0.0003897359	0.0002882632	0.0002310476	0.0001830519	0.0001420769	0.0001009897	5.785131e-05	2.953241e-05	2.443585e-05	1.857148e-05	1.32751e-05	7.806538e-06	4.885592e-06	1.421723e-06	1.110303e-07
35	0.4811106	0.4288528	0.3905415	0.3701983	0.3527715	0.3233208	0.1405423	0.1127091	0.08365427	0.05694667	0.03082271	0.01907446	0.007765762	0.004588355	0.002212048	0.0003851161	0.0002848704	0.0002283048	0.0001808646	0.0001403543	9.973855e-05	5.709724e-05	2.911009e-05	2.406822e-05	1.827098e-05	1.311858e-05	7.718278e-06	4.830334e-06	1.405605e-06
36	0.9865306	0.4778795	0.425701	0.3877723	0.3674311	0.349975	0.320503	0.1403046	0.1125277	0.08351683	0.05685152	0.03076848	0.01904116	0.007752051	0.004580504	0.002208405	0.0003844922	0.0002844118	0.0002279355	0.0001805717	0.0001401263	9.957417e-05	5.699981e-05	2.905964e-05	2.40267e-05	1.823942e-05	1.309794e-05	7.706363e-06	4.822852e-06
37	0.9719211	0.9668655	0.4637831	0.4114343	0.3732609	0.3536488	0.3357897	0.318376	0.1391437	0.1113639	0.08234468	0.05675752	0.03070596	0.01899171	0.007742676	0.00457512	0.002205884	0.0003840143	0.0002840531	0.0002276387	0.0001803286	0.0001399608	9.945445e-05	5.692737e-05	2.902373e-05	2.399705e-05	1.821901e-05	1.308368e-05	7.698009e-06
38	0.03071715	0.02947068	0.02847168	0.02300384	0.0206642	0.01837406	0.01715845	0.0159735	0.01475521	0.008445526	0.006737907	0.004986225	0.003444469	0.001838617	0.001118682	0.0004437881	0.0002510212	0.0001168171	2.10839e-05	1.53009e-05	1.205537e-05	9.405183e-06	7.413646e-06	5.33333e-06	3.208287e-06	1.652039e-06	1.36456e-06	1.037621e-06	7.432138e-07
39	0.03164588	0.01403653	0.01345008	0.01289777	0.01125026	0.01017311	0.009079236	0.008490412	0.007840832	0.007176603	0.004436047	0.003520607	0.002601711	0.001803302	0.000940503	0.0005652921	0.0002190779	0.0001178574	5.325651e-05	9.490744e-06	6.676209e-06	5.094857e-06	3.857341e-06	3.126607e-06	2.297856e-06	1.510869e-06	7.968128e-07	6.596256e-07	5.047515e-07
40	0.06144863	0.02880933	0.01277592	0.01223476	0.01172098	0.01028875	0.009314578	0.00832159	0.007786266	0.00718255	0.006566066	0.0040972	0.003248708	0.002400211	0.001664563	0.0008645584	0.0005181341	0.0002000151	0.000106548	4.782124e-05	8.444132e-06	5.948289e-06	4.50738e-06	3.389123e-06	2.764763e-06	2.041738e-06	1.367403e-06	7.24426e-07	5.999176e-07
41	0.04467822	0.02831958	0.0127153	0.005566394	0.005298694	0.005052391	0.004396594	0.003958241	0.003347723	0.003109797	0.002869982	0.002632383	0.001498843	0.001194472	0.0008996165	0.0006402972	0.0003704184	0.0002170602	8.713068e-05	5.07258e-05	2.406873e-05	4.068526e-06	2.918412e-06	2.319516e-06	1.824489e-06	1.434518e-06	1.004829e-06	6.071792e-07	3.140634e-07
42	0.9412223	0.03550833	0.0220398	0.009670744	0.004240488	0.004042461	0.003917916	0.00338795	0.003050253	0.002526407	0.002354358	0.002195456	0.002042606	0.001136957	0.0009078219	0.0006893561	0.0004978313	0.0003012433	0.0001748409	7.123707e-05	4.283875e-05	2.069798e-05	3.454778e-06	2.492142e-06	2.010407e-06	1.602571e-06	1.246183e-06	8.587266e-07	5.003464e-07
43	0.9393612	0.9383813	0.033591	0.02063948	0.008889528	0.004037637	0.003881085	0.003762946	0.003252137	0.002927659	0.002412943	0.002247405	0.002095933	0.001950789	0.001090222	0.000869817	0.00065955	0.0004742896	0.0002850102	0.0001632671	6.775676e-05	4.10809e-05	2.00661e-05	3.325437e-06	2.400007e-06	1.937062e-06	1.546147e-06	1.202325e-06	8.289298e-07
44	0.6622765	0.6575198	0.6563009	0.02039689	0.01299807	0.006505907	0.002990571	0.002878069	0.002790722	0.002411966	0.002171727	0.001731329	0.001608882	0.001489653	0.001378091	0.0007980436	0.0006326291	0.0004753043	0.0003308753	0.000184077	0.0001163213	4.686321e-05	2.838541e-05	1.559654e-05	2.437737e-06	1.723177e-06	1.378027e-06	1.094221e-06	8.508186e-07
45	0.7109243	0.6470869	0.6430095	0.6424023	0.01911701	0.01213115	0.006054281	0.002828858	0.002724955	0.002642866	0.002284434	0.002057491	0.001628141	0.001512478	0.001399581	0.001294616	0.0007492793	0.0005947573	0.0004476778	0.0003102588	0.0001708371	0.0001070335	4.419068e-05	2.679945e-05	1.493664e-05	2.292037e-06	1.620738e-06	1.292011e-06	1.02214e-06
46	0.7561493	0.6984721	0.6432969	0.6400905	0.6403591	0.01796708	0.01128172	0.0056997	0.00266826	0.002569959	0.002493514	0.002150802	0.001935661	0.001515133	0.001406061	0.001300773	0.001203821	0.0006894917	0.0005473437	0.0004138891	0.0002880056	0.0001611626	0.0001013359	4.22698e-05	2.567366e-05	1.439036e-05	2.192878e-06	1.55286e-06	1.243684e-06
47	0.9850096	0.7479341	0.6906549	0.6418823	0.6392282	0.6397585	0.01765266	0.01105807	0.005584526	0.002622841	0.002527425	0.002452884	0.002114757	0.001903119	0.001489235	0.001382477	0.001279127	0.001184303	0.0006779406	0.0005380686	0.0004068412	0.0002828389	0.0001581639	9.949819e-05	4.162204e-05	2.534747e-05	1.424556e-05	2.167285e-06	1.535065e-06
48	0.9850712	0.9758605	0.7395296	0.6871038	0.640659	0.6382046	0.6388123	0.01679752	0.01023463	0.005533475	0.002596675	0.002502274	0.002428246	0.002091375	0.001880991	0.001478455	0.00137268	0.001269913	0.001176704	0.0006728221	0.0005333608	0.0004025005	0.0002787846	0.000154464	9.603228e-05	3.839943e-05	2.208164e-05	1.088326e-05	2.159434e-06
49	0.9710764	0.9680829	0.9623251	0.7276097	0.6765405	0.6377687	0.6363456	0.6376035	0.01609558	0.009745821	0.005284407	0.002483676	0.002398366	0.002328941	0.00200335	0.001814247	0.001420381	0.001319969	0.001220316	0.001131149	0.0006473596	0.000510497	0.0003817023	0.0002644394	0.0001466693	9.120765e-05	3.676878e-05	2.117693e-05	1.042142e-05
50	0.2279667	0.2133183	0.197098	0.1797156	0.1587732	0.09969541	0.06305718	0.04992708	0.03817886	0.01513908	0.009086846	0.004904125	0.002286689	0.002215858	0.002151046	0.00188676	0.001711301	0.001332827	0.001239944	0.001144002	0.001058811	0.0006083613	0.0004878194	0.0003626881	0.0002491605	0.000135754	8.422741e-05	3.385869e-05	1.960722e-05
51	0.2044132	0.1813104	0.1665706	0.1503261	0.1329235	0.1120543	0.09451334	0.05938806	0.0470706	0.03574313	0.01300396	0.008773186	0.004727492	0.002201683	0.002133188	0.002070343	0.001817294	0.001650833	0.00127953	0.001189393	0.00110856	0.001025474	0.0005925371	0.0004743457	0.0003526026	0.0002413296	0.0001302652	8.074124e-05	3.243778e-05
52	0.2879294	0.2035626	0.1806613	0.1660028	0.1498299	0.132499	0.111703	0.09421656	0.0591748	0.04690891	0.03563651	0.01294027	0.008728291	0.004705253	0.002191541	0.002123377	0.002060873	0.00180881	0.001643082	0.001272372	0.00118264	0.001102283	0.001019702	0.0005887352	0.0004713315	0.0003504569	0.000239922	0.0001296571	8.038429e-05
53	0.5440722	0.2813399	0.2005763	0.1785207	0.1638447	0.1476467	0.1302884	0.1094632	0.09194316	0.0591252	0.04687118	0.03561117	0.01292455	0.008717741	0.004699807	0.00218881	0.002120725	0.00205828	0.001806436	0.001640858	0.001270896	0.001181264	0.001101004	0.001018529	0.0005880118	0.000470753	0.0003500259	0.0002396209	0.0001294979
54	0.9976558	0.5434475	0.2808779	0.2004638	0.178437	0.1637663	0.147573	0.1302194	0.109399	0.0918827	0.05910929	0.04685809	0.03560101	0.01291667	0.008711134	0.004697234	0.002186763	0.002118646	0.002056167	0.001804349	0.001638777	0.001270296	0.001180683	0.001100432	0.001017984	0.0005877625	0.000470527	0.0003498192	0.0002394296
55	0.9961107	0.9955464	0.5415248	0.2802267	0.2001228	0.1782615	0.1636175	0.1474493	0.1301218	0.1093282	0.09183266	0.05907988	0.04683644	0.03558702	0.01290864	0.008704924	0.00469334	0.002184516	0.002116388	0.002053894	0.001802249	0.001637215	0.001269037	0.00117946	0.001099222	0.001016824	0.0005870038	0.0004698142	0.0003491412
56	0.124959	0.1232405	0.1216967	0.05136126	0.03716238	0.03162693	0.02829671	0.02522996	0.02217007	0.01901417	0.01575881	0.01254209	0.009178908	0.006868512	0.0045591	0.002771742	0.001705935	0.000901444	0.0003978615	0.0003845509	0.0003708976	0.0003203353	0.0002862348	0.0002611322	0.0002448191	0.0002276263	0.0002109325	0.00012061	9.639046e-05
57	0.06448648	0.05725684	0.05729565	0.05735616	0.01253545	0.009390673	0.007949742	0.007096035	0.006306935	0.005519674	0.004710035	0.003874622	0.003069237	0.002246115	0.001665442	0.00108005	0.0006265272	0.000434187	0.0002303975	0.0001028994	9.956906e-05	9.617865e-05	8.352709e-05	7.503169e-05	6.961536e-05	6.558308e-05	6.162466e-05	5.750245e-05	3.070615e-05
58	0.5116035	0.06359787	0.05666209	0.0567051	0.05676857	0.01241498	0.009297879	0.00787378	0.007034316	0.006257003	0.005481298	0.004682714	0.003858639	0.003061292	0.002242655	0.001662804	0.001078149	0.0006251916	0.0004329848	0.000229746	0.0001025806	9.924439e-05	9.584693e-05	8.325681e-05	7.478395e-05	6.936925e-05	6.533633e-05	6.137291e-05	5.724571e-05
59	0.7904217	0.5082133	0.0628077	0.05637881	0.05643274	0.05650615	0.01218903	0.009093583	0.0077872	0.006961134	0.006196506	0.005433253	0.004646759	0.003834998	0.003046876	0.002234805	0.00165705	0.001074402	0.0006230058	0.0004314164	0.0002286858	0.0001020861	9.874927e-05	9.535024e-05	8.283863e-05	7.440565e-05	6.904373e-05	6.501677e-05	6.105638e-05
60	0.2923206	0.2879528	0.04783849	0.03961865	0.03812322	0.03878969	0.03946625	0.0005143414	0.000109299	8.2352e-05	7.394833e-05	6.643368e-05	5.606513e-05	4.734899e-05	3.929152e-05	3.112859e-05	2.366554e-05	1.842252e-05	1.312887e-05	9.083398e-06	7.475899e-06	5.82914e-06	4.788574e-06	4.863892e-06	4.94585e-06	4.941635e-06	4.986855e-06	5.069657e-06	5.17331e-06
61	0.2867352	0.2865756	0.2870824	0.04741722	0.03944708	0.03798605	0.03865727	0.03934426	0.0004289346	4.486161e-05	2.614086e-05	2.365986e-05	2.143302e-05	1.923512e-05	1.596413e-05	1.352973e-05	1.09674e-05	8.915135e-06	7.537804e-06	6.098266e-06	5.041548e-06	4.697752e-06	4.354047e-06	4.143369e-06	4.241593e-06	4.34599e-06	4.430179e-06	4.533723e-06	4.65396e-06
62	0.005108824	0.001571243	0.000689047	0.0005236653	0.0001228106	8.665923e-05	7.947146e-05	7.850649e-05	7.845552e-05	1.427111e-05	9.602758e-06	8.303288e-06	7.34316e-06	6.438606e-06	5.540337e-06	4.572048e-06	3.539802e-06	2.402905e-06	1.65456e-06	1.241411e-06	8.172829e-07	4.211355e-07	2.886827e-07	1.58711e-07	6.643472e-08	6.438114e-08	6.230635e-08	5.15818e-08	4.474617e-08
63	0.003151002	0.002675308	0.0004157643	0.0001333364	6.536094e-05	2.685489e-05	1.424307e-05	1.165869e-05	1.135285e-05	1.103615e-05	6.249724e-06	3.925903e-06	3.36045e-06	2.937908e-06	2.539063e-06	2.142915e-06	1.718769e-06	1.282125e-06	8.677153e-07	5.469451e-07	4.104765e-07	2.769515e-07	1.119588e-07	7.795762e-08	4.687976e-08	2.076993e-08	2.055417e-08	2.036859e-08	1.629062e-08
64	0.0009590793	0.0005002536	0.0004483889	0.0002333289	4.239335e-05	2.047458e-05	1.366323e-05	7.151027e-06	5.430293e-06	5.185915e-06	4.93701e-06	4.050537e-06	2.59208e-06	2.211671e-06	1.893784e-06	1.593599e-06	1.294713e-06	9.75591e-07	6.468057e-07	3.866651e-07	2.183249e-07	1.75633e-07	1.342073e-07	4.133738e-08	3.017496e-08	2.094457e-08	9.260149e-09	9.281745e-09	9.326818e-09
65	0.7114614	0.0007864565	0.0004915036	0.0004410057	0.000226587	3.987158e-05	1.954296e-05	1.321768e-05	6.87673e-06	5.280377e-06	5.040853e-06	4.79662e-06	3.959602e-06	2.520879e-06	2.148829e-06	1.841375e-06	1.547061e-06	1.253972e-06	9.40879e-07	6.1828e-07	3.658365e-07	2.023215e-07	1.641507e-07	1.272529e-07	3.79202e-08	2.784004e-08	1.955197e-08	8.501385e-09	8.529384e-09
66	0.6032315	0.5925606	0.0007069513	0.0004762158	0.0004282027	0.0002140733	3.513449e-05	1.612943e-05	1.17665e-05	5.674465e-06	4.137868e-06	3.892775e-06	3.641613e-06	2.930498e-06	2.427223e-06	2.070704e-06	1.774976e-06	1.491723e-06	1.209902e-06	9.07792e-07	5.963472e-07	3.521839e-07	1.937713e-07	1.577895e-07	1.229656e-07	3.569717e-08	2.618416e-08	1.840125e-08	7.854117e-09
67	0.1745685	0.01535154	0.005039831	0.0006678188	0.000456359	0.0004245523	0.0002106537	3.445697e-05	1.579534e-05	1.150845e-05	5.574782e-06	4.059555e-06	3.817555e-06	3.569535e-06	2.870675e-06	2.374253e-06	2.043669e-06	1.752094e-06	1.472796e-06	1.194874e-06	8.966681e-07	5.892283e-07	3.480109e-07	1.913676e-07	1.560056e-07	1.217895e-07	3.499133e-08	2.56756e-08	1.807078e-08
68	0.8329744	0.1582502	0.01465145	0.004917296	0.000598371	0.0004556867	0.0004240885	0.0002102949	3.425777e-05	1.574515e-05	1.148712e-05	5.563417e-06	4.050614e-06	3.808814e-06	3.560957e-06	2.865658e-06	2.370314e-06	2.040765e-06	1.749489e-06	1.470445e-06	1.192774e-06	8.948369e-07	5.876727e-07	3.4672e-07	1.902348e-07	1.549053e-07	1.207201e-07	3.393953e-08	2.463774e-08
69	0.7544138	0.6633073	0.03415758	0.007767746	0.001613886	0.0003926117	0.0003037739	0.0002932044	8.036006e-05	1.905275e-05	6.730049e-06	3.896919e-06	1.986552e-06	1.513072e-06	1.444956e-06	1.376308e-06	1.012629e-06	7.931771e-07	6.937776e-07	6.132977e-07	5.36149e-07	4.609779e-07	3.859324e-07	3.076094e-07	2.27651e-07	1.596812e-07	1.326666e-07	1.054354e-07	2.39639e-08
70	0.7527984	0.7424255	0.6515538	0.02578065	0.006214478	0.001455352	0.0003513403	0.0002825901	0.0002742121	6.174965e-05	1.466991e-05	5.11225e-06	2.943494e-06	1.51754e-06	1.16218e-06	1.111826e-06	1.060951e-06	7.810983e-07	6.143019e-07	5.39444e-07	4.795157e-07	4.227244e-07	3.668518e-07	3.109844e-07	2.523188e-07	1.909347e-07	1.376621e-07	1.168739e-07	9.591183e-08
71	0.875106	0.7481585	0.7395875	0.6487391	0.02403188	0.005894454	0.00142825	0.0003432263	0.00027839	0.0002704411	5.80484e-05	1.379067e-05	4.795374e-06	2.756825e-06	1.42375e-06	1.091835e-06	1.04498e-06	9.976192e-07	7.346001e-07	5.781326e-07	5.081705e-07	4.52319e-07	3.994081e-07	3.474046e-07	2.953405e-07	2.405777e-07	1.830427e-07	1.327765e-07	1.133509e-07
72	0.7841551	0.751808	0.7422917	0.7377878	0.6472634	0.02347098	0.005661786	0.00121388	0.0001295234	6.558836e-05	5.882598e-05	5.772707e-05	1.359527e-05	4.775335e-06	2.742129e-06	1.413773e-06	1.083856e-06	1.037106e-06	9.898601e-07	7.313924e-07	5.757969e-07	5.06351e-07	4.508623e-07	3.981775e-07	3.464e-07	2.945845e-07	2.400838e-07	1.827346e-07	1.327207e-07
73	0.05052396	0.03920083	0.03105555	0.03031927	0.03013053	0.03011698	0.002299944	0.001352176	0.0008388333	1.47187e-05	5.89679e-06	5.371872e-06	5.279354e-06	1.223761e-06	3.676409e-07	1.90893e-07	1.039624e-07	8.130188e-08	7.829896e-08	7.526026e-08	4.983347e-08	3.874571e-08	3.350849e-08	2.967779e-08	2.605481e-08	2.249067e-08	1.891487e-08	1.52488e-08	1.206594e-08
74	0.5962123	0.009833747	0.007195462	0.003085391	0.002646017	0.002541112	0.002534167	0.001733301	0.001071897	0.0008286037	1.112055e-05	4.178037e-06	3.818153e-06	3.75384e-06	8.205603e-07	2.314589e-07	1.134141e-07	6.418238e-08	5.139787e-08	4.984595e-08	4.828461e-08	3.071176e-08	2.357714e-08	2.039576e-08	1.824889e-08	1.623318e-08	1.424514e-08	1.220571e-08	1.01149e-08
75	0.6232518	0.5956956	0.009585035	0.007051593	0.002981161	0.00255465	0.002454729	0.002448141	0.001663319	0.001059919	0.0008253219	8.295457e-06	4.08494e-06	3.737108e-06	3.675313e-06	7.917405e-07	2.230111e-07	1.094365e-07	6.205163e-08	4.976446e-08	4.827823e-08	4.6783e-08	2.976846e-08	2.28515e-08	1.977446e-08	1.770882e-08	1.577008e-08	1.385767e-08	1.189304e-08
76	0.2821876	0.02851582	0.008575115	0.008225072	0.005833374	0.002008482	0.001634049	0.001544345	0.001538512	0.000791657	0.0002513696	2.764918e-05	8.135861e-06	4.015275e-06	3.711596e-06	3.651278e-06	7.751898e-07	2.191367e-07	1.076117e-07	6.116461e-08	4.897609e-08	4.748944e-08	4.599293e-08	2.928722e-08	2.246656e-08	1.953437e-08	1.747701e-08	1.554551e-08	1.363996e-08
77	0.1609674	0.1511337	0.02165845	0.007192367	0.006970959	0.005152037	0.001468919	0.001221029	0.001163328	0.00115945	0.0004983206	0.0001552384	1.930954e-05	5.683621e-06	3.181283e-06	2.964579e-06	2.923847e-06	5.132516e-07	1.468818e-07	7.152788e-08	4.090148e-08	3.291244e-08	3.195096e-08	3.097734e-08	1.938284e-08	1.495433e-08	1.30202e-08	1.16643e-08	1.039969e-08
78	0.145131	0.1407918	0.1379191	0.01697253	0.003612702	0.003409591	0.001704076	0.001379566	0.001149613	0.001096966	0.001093409	0.0004458936	0.0001381127	1.722357e-05	5.010377e-06	2.972632e-06	2.793827e-06	2.759788e-06	4.346366e-07	1.302353e-07	6.159108e-08	3.431498e-08	2.711722e-08	2.620792e-08	2.529116e-08	1.733819e-08	1.341076e-08	1.167912e-08	1.045762e-08
79	0.07441226	0.06838762	0.06545374	0.06324738	0.01361183	0.002920553	0.002755805	0.001564606	0.001276759	0.001115373	0.001065795	0.001062473	0.0004252371	0.0001337883	1.692614e-05	4.924645e-06	2.932355e-06	2.764785e-06	2.735175e-06	4.213117e-07	1.272239e-07	6.02423e-08	3.341321e-08	2.633537e-08	2.543448e-08	2.452586e-08	1.689146e-08	1.306851e-08	1.137468e-08
80	0.08856816	0.0643966	0.05962998	0.0571242	0.0550681	0.0118549	0.002152957	0.002003022	0.0009754931	0.0007088091	0.0005618166	0.0005182225	0.0005152726	0.0003878081	0.000124959	1.629704e-05	4.716764e-06	2.832147e-06	2.677319e-06	2.649639e-06	3.952113e-07	1.197318e-07	5.600747e-08	3.105087e-08	2.445534e-08	2.361665e-08	2.277339e-08	1.565519e-08	1.20965e-08
81	0.7706424	0.07427042	0.05438653	0.05139294	0.04938017	0.04880292	0.0111779	0.002026189	0.001885843	0.0009118902	0.0006579015	0.0005208622	0.0004803702	0.000477609	0.0003584552	0.0001149478	1.484746e-05	4.512206e-06	2.750456e-06	2.604132e-06	2.578452e-06	3.696542e-07	1.126713e-07	5.24798e-08	2.907312e-08	2.288948e-08	2.210233e-08	2.131044e-08	1.469075e-08
82	0.9491952	0.7623317	0.0700345	0.05312947	0.05056257	0.04859244	0.04805721	0.01090138	0.002005104	0.001866656	0.0009013745	0.0006497144	0.0005141986	0.0004742117	0.0004714829	0.0003537643	0.0001132667	1.449779e-05	4.245891e-06	2.73714e-06	2.592312e-06	2.566998e-06	3.651327e-07	1.114874e-07	5.190617e-08	2.874384e-08	2.26249e-08	2.184534e-08	2.106106e-08
83	0.370086	0.3674833	0.3340943	0.06046078	0.04792999	0.04550846	0.04408587	0.04358711	0.009657243	0.001894868	0.001771558	0.0008391313	0.0006113091	0.0004839213	0.0004462736	0.0004437184	0.0003342166	0.0001066475	1.098976e-05	4.147967e-06	2.682356e-06	2.557972e-06	2.533438e-06	3.548368e-07	1.082928e-07	5.003204e-08	2.779214e-08	2.188808e-08	2.113557e-08
84	0.5930007	0.3409551	0.3389572	0.309813	0.05672759	0.04454442	0.04220387	0.04089407	0.0404235	0.009040668	0.001770647	0.001656053	0.0007800304	0.0005656418	0.0004487603	0.0004138124	0.0004114106	0.0003082998	9.706938e-05	1.016434e-05	3.932316e-06	2.596458e-06	2.481037e-06	2.458551e-06	3.276436e-07	1.007088e-07	4.62313e-08	2.568049e-08	2.022523e-08
85	0.7318064	0.4625779	0.2485601	0.2473477	0.2261956	0.04195077	0.03121795	0.02913796	0.02817795	0.02779276	0.0069054	0.001365351	0.001279307	0.0005884094	0.0004181146	0.0003363624	0.0003101733	0.0003082698	0.0002258145	6.574833e-05	7.425753e-06	3.214839e-06	2.309588e-06	2.224009e-06	2.208353e-06	2.363063e-07	7.531358e-08	3.351254e-08	1.860769e-08
86	0.654409	0.6374477	0.4064273	0.2034271	0.2025782	0.1850726	0.03553497	0.02539148	0.02344073	0.02266198	0.02232041	0.005854371	0.001156175	0.001084722	0.000488387	0.0003414943	0.0002776582	0.0002560117	0.0002543665	0.0001826738	4.963364e-05	6.019626e-06	2.850812e-06	2.164261e-06	2.093803e-06	2.081609e-06	1.901191e-07	6.246109e-08	2.707713e-08
87	0.6126101	0.6014091	0.5860835	0.3767927	0.1802891	0.1796268	0.1639499	0.03234141	0.02249139	0.02061265	0.01992522	0.01960582	0.005285034	0.001022518	0.000958802	0.0004114245	0.000293608	0.0002424723	0.000223846	0.0002223847	0.0001589007	4.118807e-05	5.255033e-06	2.662262e-06	2.089745e-06	2.027134e-06	2.016735e-06	1.66305e-07	5.588324e-08
88	0.6173806	0.5818599	0.5717412	0.5566403	0.3655333	0.1711617	0.170574	0.1555947	0.03110774	0.02137438	0.01952351	0.0188717	0.01856092	0.005052673	0.0009542122	0.0008938469	0.0003774469	0.0002737446	0.0002278562	0.0002104817	0.0002090966	0.0001490513	3.751568e-05	4.594357e-06	2.585701e-06	2.060644e-06	2.001158e-06	1.991479e-06	1.569008e-07
89	0.6278346	0.5934689	0.5596045	0.5497288	0.5348029	0.3605361	0.1672	0.1666392	0.1519375	0.03050758	0.02082196	0.01898264	0.01834615	0.01803929	0.004924853	0.000922964	0.0008643811	0.0003655472	0.0002664458	0.0002224815	0.0002055767	0.0002042214	0.0001454108	3.622053e-05	4.456054e-06	2.529545e-06	2.047934e-06	1.990456e-06	1.981093e-06
90	0.8287937	0.6012167	0.5677477	0.5341473	0.5244045	0.5097106	0.3532208	0.1608406	0.1602885	0.1456388	0.03023831	0.02059984	0.01877174	0.01814635	0.01784215	0.00483188	0.0009012512	0.0008432817	0.0003496879	0.0002642396	0.0002207132	0.0002039283	0.0002025815	0.0001440784	3.579674e-05	4.35838e-06	2.49367e-06	2.041368e-06	1.986234e-06
91	0.9086863	0.817514	0.590971	0.5577212	0.5242029	0.5145526	0.4998938	0.3475182	0.1557937	0.1552474	0.140711	0.02978067	0.02017487	0.01835514	0.01773925	0.01743791	0.004618472	0.0008385298	0.0007823677	0.0003349976	0.0002580643	0.0002166864	0.000200358	0.0001990502	0.0001419727	3.479675e-05	4.154008e-06	2.462861e-06	2.030884e-06
92	0.6057102	0.5487525	0.4612696	0.2401973	0.2091915	0.1812437	0.1762422	0.1648473	0.09147805	0.05217242	0.0519463	0.04919275	0.006433595	0.004311408	0.004130011	0.003962035	0.00387088	0.00113117	0.0002674196	0.0002497909	0.0001289475	0.0001013851	8.670239e-05	8.129763e-05	8.089365e-05	6.282107e-05	1.475748e-05	1.152927e-06	4.076752e-07
93	0.7651531	0.6041333	0.5471958	0.4597365	0.2386902	0.2076931	0.1797703	0.1747843	0.163398	0.09081355	0.05162828	0.05140337	0.048664	0.006393055	0.004278694	0.004099064	0.003932908	0.003842251	0.001120341	0.0002617217	0.0002465914	0.0001276175	0.0001006705	8.615755e-05	8.079801e-05	8.039753e-05	6.247875e-05	1.468919e-05	1.146258e-06
94	0.6452779	0.6213817	0.5838429	0.527069	0.4416112	0.221933	0.191207	0.163717	0.158977	0.1572142	0.08848055	0.0494571	0.04924094	0.04813278	0.006335766	0.004228091	0.00405223	0.003888599	0.003798382	0.001110718	0.0002595509	0.0002445471	0.0001266117	9.989082e-05	8.55552e-05	8.024261e-05	7.984548e-05	6.20612e-05	1.45553e-05
95	0.7084737	0.5899881	0.5710124	0.5542559	0.4976398	0.4164573	0.2019657	0.1719431	0.1444986	0.1397902	0.1380495	0.08662843	0.04828282	0.04807378	0.04705374	0.006070603	0.003985026	0.003814136	0.003660507	0.003572116	0.001058998	0.0002536583	0.0002390344	0.0001240844	9.783557e-05	8.50608e-05	7.979798e-05	7.94055e-05	6.177757e-05
96	0.1750713	0.07015845	0.06439467	0.06088228	0.054942	0.03560236	0.03214424	0.03071659	0.02795669	0.02690164	0.02641028	0.02619875	0.01579599	0.0133579	0.01332073	0.01260635	0.002771213	0.001252325	0.001204948	0.001161503	0.001147248	0.0002437871	4.864267e-05	4.564185e-05	2.3723e-05	1.877262e-05	1.630409e-05	1.532099e-05	1.524192e-05
97	0.1658113	0.1499758	0.04583069	0.04126627	0.03788498	0.0325002	0.02675336	0.02632008	0.02571433	0.02556348	0.02467415	0.02422147	0.02402409	0.01462817	0.01234772	0.01231486	0.01164333	0.002644727	0.001173591	0.001128802	0.0010884	0.001074742	0.0002301573	4.659008e-05	4.372357e-05	2.275679e-05	1.796011e-05	1.567281e-05	1.474959e-05
98	0.350624	0.1431837	0.1336284	0.03025083	0.02654956	0.02350853	0.02191511	0.02148848	0.02120561	0.02098019	0.02088426	0.02004477	0.0196143	0.01942548	0.01135567	0.009324714	0.00929486	0.008636052	0.001290905	0.001144354	0.001102476	0.001065744	0.00105279	0.0002254011	4.557769e-05	4.280675e-05	2.217696e-05	1.743932e-05	1.519878e-05
99	0.516855	0.3297169	0.1367311	0.1287455	0.02561383	0.02326057	0.02048564	0.01913721	0.01892899	0.01872574	0.01853457	0.01845524	0.0177192	0.01734172	0.01717418	0.01007869	0.008256601	0.008234451	0.007591519	0.001129923	0.001026971	0.001003773	0.0009702401	0.0009582733	0.0001937911	3.811648e-05	3.584211e-05	1.755405e-05	1.328298e-05
100	0.4661973	0.3863972	0.2110966	0.03016198	0.02369605	0.02306466	0.02099862	0.01874811	0.01751088	0.0173893	0.01720378	0.01702924	0.01695744	0.01634592	0.01602974	0.0158873	0.009357755	0.00766999	0.007650151	0.007028387	0.001056553	0.0009631614	0.0009422727	0.0009120555	0.0009005518	0.0001759321	3.284316e-05	3.091033e-05	1.473958e-05
101	0.7957467	0.4588717	0.3837896	0.2093801	0.02872705	0.02232337	0.02169583	0.02087055	0.01863376	0.01741126	0.01729026	0.01710566	0.01693197	0.01686052	0.0162536	0.01594102	0.01580039	0.009305759	0.007626238	0.007606509	0.006987015	0.001051045	0.0009581572	0.0009374071	0.0009073676	0.0008958909	0.0001747962	3.25204e-05	3.060974e-05
102	0.04324709	0.04206373	0.01654737	0.01085794	0.003053872	0.001683326	0.001323314	0.001264015	0.001158527	0.001058157	0.0009918388	0.000984765	0.0009739404	0.0009636734	0.0009595204	0.0009400402	0.0009147265	0.0008967425	0.0005121126	0.0004068708	0.0004057809	0.0003575009	8.64232e-05	8.0668e-05	7.938736e-05	7.740375e-05	7.662652e-05	1.737304e-05	3.128593e-06
103	0.05366213	0.04131984	0.0401818	0.01556529	0.01004772	0.002879861	0.001616013	0.001280927	0.001223943	0.001119481	0.001021885	0.0009598687	0.0009530168	0.0009425346	0.0009325929	0.0009285703	0.0009097017	0.0008847034	0.0008668939	0.0004945271	0.0003927647	0.0003917127	0.0003452342	8.291217e-05	7.733409e-05	7.60929e-05	7.417928e-05	7.341014e-05	1.613541e-05
104	0.8574848	0.05200304	0.04093596	0.03981026	0.01549217	0.009999219	0.002849753	0.001592673	0.001276773	0.001219882	0.001115503	0.001018095	0.0009573259	0.000950491	0.0009400348	0.0009301173	0.0009261045	0.0009072898	0.0008823183	0.0008645213	0.0004932619	0.0003917328	0.0003906834	0.0003442891	8.272838e-05	7.716296e-05	7.59246e-05	7.401584e-05	7.324727e-05
105	0.967445	0.8503975	0.04588514	0.03553355	0.03440946	0.01252805	0.007423473	0.002840353	0.001591459	0.001276168	0.001219293	0.001114957	0.00101758	0.0009568549	0.0009500243	0.0009395749	0.0009296637	0.0009256533	0.0009068436	0.0008818749	0.0008640793	0.0004930234	0.0003915412	0.0003904923	0.0003441061	8.269591e-05	7.713378e-05	7.589614e-05	7.398815e-05
106	0.3732823	0.3473764	0.2464052	0.04079962	0.03096409	0.02986003	0.0102579	0.006707487	0.002393948	0.001529164	0.001223481	0.00116771	0.001065732	0.0009715127	0.0009139882	0.0009075716	0.0008977549	0.00088843	0.0008846521	0.0008663527	0.0008416428	0.0008239678	0.000471479	0.0003741026	0.0003730942	0.0003270403	8.007753e-05	7.483371e-05	7.366609e-05
107	0.9764019	0.3668625	0.3437563	0.2447159	0.03981578	0.02999474	0.02889129	0.01006199	0.006536657	0.002387675	0.001525704	0.001222548	0.001166794	0.001064975	0.0009708024	0.0009133593	0.000906948	0.0008971392	0.0008878217	0.0008840467	0.0008657542	0.0008410486	0.0008233758	0.0004711503	0.0003738303	0.0003728226	0.0003267739	8.003855e-05	7.479886e-05
108	0.990703	0.9750141	0.3655223	0.3430446	0.2443511	0.03969669	0.02988728	0.02878463	0.01003677	0.006527358	0.002383032	0.001524119	0.001221428	0.0011657	0.001064044	0.0009699559	0.0009125966	0.00090619	0.0008963886	0.0008870779	0.0008833058	0.0008650343	0.0008403568	0.0008226998	0.0004707819	0.0003735257	0.0003725186	0.000326486	7.999356e-05
109	0.1539424	0.1524015	0.1467254	0.1447122	0.1309703	0.09024097	0.02442618	0.01826379	0.01757487	0.005720654	0.003704499	0.00122274	0.0007441135	0.0006517254	0.0006128919	0.0005718277	0.0005348793	0.000503181	0.0004992692	0.0004932534	0.0004874993	0.0004852315	0.000482884	0.0004801185	0.0004748091	0.0002657432	0.00020426	0.0002036597	0.0001692135
110	0.05888314	0.05741834	0.05655834	0.05361594	0.05328624	0.04093174	0.0277459	0.00689916	0.005379597	0.005310726	0.001987579	0.00130336	0.0004290189	0.0002552002	0.0002295377	0.0002201034	0.000186307	0.000180859	0.0001692661	0.0001674799	0.0001647303	0.0001621293	0.0001611151	0.0001606711	0.0001603127	0.0001598105	8.243339e-05	6.096134e-05	6.079296e-05
111	0.05013318	0.0382966	0.0375164	0.03699859	0.03443122	0.03422701	0.02242469	0.01355266	0.003161716	0.002538588	0.002520681	0.0009548436	0.0006182863	0.00021563	0.0001339359	0.0001198349	0.0001180281	8.617563e-05	8.445258e-05	7.823306e-05	7.713104e-05	7.543745e-05	7.386133e-05	7.324885e-05	7.302439e-05	7.289314e-05	7.278497e-05	3.388358e-05	2.492969e-05
112	0.04120839	0.03663296	0.0328142	0.03219555	0.0318198	0.02999199	0.02983872	0.02074129	0.01268117	0.00291599	0.002374055	0.002357444	0.0009040694	0.0005894382	0.00020713	0.0001283304	0.0001173692	0.0001156348	8.385724e-05	8.219323e-05	7.639678e-05	7.530844e-05	7.363596e-05	7.208022e-05	7.147583e-05	7.125884e-05	7.113278e-05	7.102846e-05	3.281558e-05
113	0.06748378	0.04063652	0.03628098	0.03258376	0.03203786	0.03167815	0.02985833	0.02970651	0.02061198	0.01260742	0.002869132	0.002329261	0.002312718	0.0008666785	0.000560491	0.0001849854	0.0001280644	0.0001172059	0.0001154744	8.370119e-05	8.204276e-05	7.625934e-05	7.517262e-05	7.350259e-05	7.194904e-05	7.134551e-05	7.112973e-05	7.100434e-05	7.090038e-05
114	0.9828934	0.05323772	0.031092	0.02742209	0.02496246	0.02454996	0.02422704	0.02245841	0.02233503	0.01324962	0.009910076	0.002149378	0.001802178	0.001791705	0.0006554673	0.0004260327	0.0001416224	0.0001005968	9.61725e-05	9.479771e-05	6.354487e-05	6.235465e-05	5.83391e-05	5.756654e-05	5.637318e-05	5.524093e-05	5.479959e-05	5.462575e-05	5.451191e-05
115	0.9356259	0.9325018	0.04486803	0.02752652	0.02426849	0.02204776	0.02168577	0.02137108	0.01961724	0.01950046	0.01041794	0.008360879	0.001790386	0.001501185	0.0014932	0.0005430328	0.0003579911	0.0001205231	8.684285e-05	8.371553e-05	8.254671e-05	5.161154e-05	5.059783e-05	4.754887e-05	4.69764e-05	4.608851e-05	4.523257e-05	4.489805e-05	4.478361e-05
116	0.9762838	0.9302781	0.9282455	0.04109514	0.02430054	0.02133626	0.02029833	0.02001684	0.01971359	0.01803643	0.0179416	0.008861482	0.007261354	0.00153972	0.001282531	0.001275901	0.0004544439	0.000295728	7.848947e-05	4.789908e-05	4.522105e-05	4.414296e-05	4.354047e-05	4.264803e-05	4.005414e-05	3.958546e-05	3.885848e-05	3.815693e-05	3.788266e-05
117	0.959531	0.9587041	0.9129515	0.9110169	0.02471942	0.01991491	0.01853715	0.01760478	0.01744545	0.01731899	0.01567635	0.01559878	0.006528589	0.005163631	0.001209276	0.001013523	0.001008038	0.0003689872	0.0002374195	6.772884e-05	4.227133e-05	3.994383e-05	3.902743e-05	3.850889e-05	3.829177e-05	3.59244e-05	3.547855e-05	3.478746e-05	3.412062e-05
118	0.9926678	0.9593793	0.9585749	0.9128262	0.9108927	0.02459983	0.01980389	0.01845219	0.01752568	0.01736885	0.01724285	0.01560063	0.01552323	0.006453193	0.005092798	0.001192158	0.0009996356	0.0009942035	0.0003654405	0.0002356173	6.732745e-05	4.205067e-05	3.979778e-05	3.888537e-05	3.836987e-05	3.815368e-05	3.58106e-05	3.53651e-05	3.467455e-05
119	0.9859625	0.9835233	0.9586047	0.9578584	0.9121115	0.9101802	0.02388881	0.01910873	0.01778085	0.01741338	0.01725911	0.01713339	0.01549165	0.01541443	0.006344461	0.00500555	0.001173411	0.0009836737	0.0009783422	0.0003605238	0.0002329381	6.631926e-05	4.129395e-05	3.909755e-05	3.819253e-05	3.771024e-05	3.749718e-05	3.519212e-05	3.475533e-05
120	0.9110899	0.909631	0.9084202	0.9017805	0.9017318	0.9016493	0.901316	0.01516649	0.0110168	0.0107358	0.0106561	0.01062485	0.01062038	0.01061003	0.01058819	0.001522681	0.001047201	0.0002537558	0.0002068604	0.0002057308	7.551346e-05	4.857166e-05	1.406678e-05	8.125901e-06	7.723456e-06	7.521814e-06	7.425889e-06	7.36384e-06	6.94596e-06
121	0.9673911	0.9067572	0.9061634	0.9052886	0.9010545	0.9010151	0.9009387	0.9006228	0.01447895	0.01043233	0.01024232	0.01019	0.01016911	0.01016609	0.01015833	0.01014248	0.001077839	0.0007000295	0.0001687604	0.0001378555	0.0001371278	4.999579e-05	3.20065e-05	9.214625e-06	5.640668e-06	5.370059e-06	5.227223e-06	5.16299e-06	5.114167e-06
122	0.00782718	0.007605682	0.002883117	0.00276541	0.002665596	0.002568288	0.00256591	0.00256302	0.00256171	0.002558284	0.0003806316	0.0003452372	0.0003361837	0.0003324644	0.0003319583	0.0003303431	0.0003297773	0.0003294994	0.0001259021	3.06609e-05	2.468613e-05	2.451104e-05	9.066306e-06	5.849459e-06	1.758277e-06	1.052268e-06	9.902748e-07	9.521275e-07	9.355342e-07
123	0.0005859233	0.0002388328	0.0002196843	0.0001487933	0.0001441143	0.0001027225	8.50224e-05	8.447263e-05	8.373794e-05	8.342501e-05	8.297054e-05	7.456739e-05	6.094598e-05	5.786636e-05	5.656928e-05	5.638269e-05	5.564901e-05	5.53903e-05	5.533398e-05	4.278878e-05	1.052446e-05	8.519368e-06	8.439317e-06	3.140503e-06	2.04044e-06	5.929793e-07	3.685863e-07	3.495857e-07	3.270379e-07
124	0.003190956	0.0003897413	0.0001524543	0.0001461695	0.0001013396	9.814473e-05	7.554673e-05	6.241076e-05	6.201034e-05	6.142682e-05	6.117996e-05	6.085344e-05	5.417827e-05	4.602662e-05	4.37332e-05	4.276903e-05	4.262598e-05	4.199772e-05	4.177483e-05	4.172967e-05	3.154715e-05	7.782334e-06	6.31064e-06	6.243315e-06	2.310424e-06	1.497018e-06	4.273216e-07	2.744525e-07	2.60326e-07
125	0.007754772	0.0008209212	5.738607e-05	3.602929e-05	3.439303e-05	2.934226e-05	2.825633e-05	2.407015e-05	1.957333e-05	1.94592e-05	1.914352e-05	1.902095e-05	1.893565e-05	1.597456e-05	1.394167e-05	1.334562e-05	1.308617e-05	1.303355e-05	1.261162e-05	1.24578e-05	1.243401e-05	8.006908e-06	1.953532e-06	1.549464e-06	1.506028e-06	5.409313e-07	3.391391e-07	1.07639e-07	7.149597e-08
126	0.01953584	0.001332153	0.0001403942	1.123054e-05	6.389834e-06	6.042907e-06	5.520368e-06	5.208322e-06	4.097795e-06	3.131405e-06	3.112646e-06	3.043441e-06	3.019365e-06	3.009693e-06	2.404298e-06	2.164402e-06	2.090612e-06	2.056236e-06	2.046773e-06	1.946487e-06	1.912954e-06	1.909388e-06	1.014235e-06	2.201116e-07	1.677793e-07	1.651608e-07	6.061145e-08	3.790946e-08	1.364083e-08
127	0.7707424	0.01188132	0.0007754739	7.888369e-05	7.327989e-06	3.874039e-06	3.598688e-06	3.369648e-06	3.155598e-06	2.259294e-06	1.679325e-06	1.669151e-06	1.626319e-06	1.611716e-06	1.607118e-06	1.246393e-06	1.143664e-06	1.112112e-06	1.095897e-06	1.09046e-06	1.027243e-06	1.006155e-06	1.004132e-06	4.699576e-07	9.091275e-08	6.989894e-08	6.884758e-08	2.633859e-08	1.68346e-08
128	0.7063235	0.7040987	0.005357446	0.0003374022	4.139601e-05	3.485921e-06	2.207486e-06	1.961067e-06	1.838981e-06	1.79155e-06	9.867011e-07	7.15935e-07	7.111886e-07	6.895914e-07	6.822239e-07	6.791181e-07	5.514067e-07	4.935405e-07	4.761813e-07	4.682783e-07	4.655805e-07	4.344292e-07	4.237565e-07	4.227556e-07	2.335612e-07	5.291877e-08	4.152826e-08	4.105699e-08	1.556563e-08
129	0.1029109	0.08692906	0.08514099	0.003459748	0.0002316495	3.231824e-05	2.797627e-06	1.671178e-06	1.645762e-06	1.544063e-06	1.524607e-06	7.435605e-07	5.25875e-07	5.222291e-07	5.044426e-07	4.984185e-07	4.958987e-07	4.073631e-07	3.627351e-07	3.493496e-07	3.434351e-07	3.412714e-07	3.15526e-07	3.071319e-07	3.063187e-07	1.748295e-07	4.295727e-08	3.388472e-08	3.355466e-08
130	0.7013108	0.09456773	0.08277648	0.08129623	0.003085534	0.0002052659	2.974744e-05	2.463783e-06	1.548778e-06	1.525689e-06	1.44731e-06	1.432145e-06	6.594829e-07	4.473029e-07	4.4394e-07	4.265878e-07	4.207448e-07	4.18496e-07	3.456528e-07	3.085721e-07	2.973363e-07	2.922761e-07	2.902249e-07	2.649197e-07	2.566839e-07	2.5591e-07	1.46309e-07	3.662827e-08	2.853282e-08
131	0.6863086	0.6851462	0.08248132	0.07355479	0.0723707	0.002230549	0.000145896	2.466299e-05	1.942451e-06	1.200644e-06	1.186956e-06	1.129974e-06	1.117146e-06	3.529168e-07	2.753021e-07	2.735237e-07	2.670975e-07	2.645817e-07	2.628565e-07	2.268916e-07	1.965975e-07	1.877225e-07	1.838752e-07	1.8292e-07	1.742703e-07	1.710526e-07	1.706752e-07	1.176069e-07	3.028213e-08
132	0.007905705	0.007420021	0.007067933	0.005284228	0.003589576	0.003354517	0.0003402514	3.389673e-05	1.328203e-05	2.585407e-07	1.050219e-07	1.023973e-07	9.233911e-08	8.720181e-08	6.968052e-08	5.855789e-08	5.822523e-08	5.745236e-08	5.715229e-08	5.688227e-08	4.924056e-08	4.232083e-08	4.028162e-08	3.941274e-08	3.92599e-08	3.827177e-08	3.793054e-08	3.788673e-08	2.688197e-08
133	0.02233141	0.006952556	0.006527632	0.0061819	0.004644442	0.00319066	0.002984585	0.0002984723	2.063516e-05	2.136122e-06	2.375881e-07	9.717286e-08	9.473347e-08	8.576266e-08	8.0818e-08	6.4059e-08	5.356582e-08	5.325845e-08	5.253375e-08	5.225451e-08	5.201281e-08	4.508191e-08	3.873943e-08	3.686118e-08	3.606492e-08	3.592459e-08	3.498822e-08	3.46676e-08	3.462746e-08
134	0.9660989	0.02017582	0.006446028	0.00615054	0.005810519	0.004393681	0.002984502	0.002783623	0.0002799626	1.944159e-05	2.033847e-06	2.253167e-07	9.037798e-08	8.800924e-08	7.932194e-08	7.593182e-08	5.931716e-08	4.941327e-08	4.911784e-08	4.84369e-08	4.817487e-08	4.79378e-08	4.237178e-08	3.613192e-08	3.428923e-08	3.351169e-08	3.337736e-08	3.250651e-08	3.22112e-08
135	0.6288546	0.627407	0.004016811	0.003365004	0.003230664	0.0031679	0.002316884	0.00176525	0.001685568	0.0001652214	1.130882e-05	1.147072e-06	8.164597e-08	5.451434e-08	5.333237e-08	4.911948e-08	4.670861e-08	3.541239e-08	2.804794e-08	2.787802e-08	2.734383e-08	2.714372e-08	2.70216e-08	2.268785e-08	1.981968e-08	1.895957e-08	1.858491e-08	1.850404e-08	1.777188e-08
136	0.6112072	0.5792789	0.5782221	0.003325478	0.002803653	0.002696115	0.00263578	0.001916957	0.001498776	0.00143791	0.0001401847	9.565129e-06	9.81359e-07	7.20146e-08	4.813111e-08	4.715447e-08	4.359312e-08	4.138257e-08	3.070203e-08	2.406416e-08	2.391949e-08	2.3426e-08	2.32536e-08	2.314933e-08	1.919194e-08	1.687659e-08	1.619141e-08	1.588945e-08	1.581935e-08
137	0.5368264	0.5124896	0.4879539	0.4871622	0.002433134	0.002048613	0.001973286	0.001962645	0.00140873	0.00113189	0.001091342	0.0001047686	7.177684e-06	7.585382e-07	5.661861e-08	3.568264e-08	3.502257e-08	3.216789e-08	3.033039e-08	2.234618e-08	1.774549e-08	1.764274e-08	1.729423e-08	1.717079e-08	1.709085e-08	1.408096e-08	1.241577e-08	1.193125e-08	1.171825e-08
138	0.415899	0.3590682	0.3486319	0.3242202	0.3235303	0.00228001	0.001942271	0.001867931	0.001857389	0.001351464	0.001079201	0.001039765	0.0001029625	7.060532e-06	7.474814e-07	5.605084e-08	3.530874e-08	3.46592e-08	3.183275e-08	3.001376e-08	2.205547e-08	1.751679e-08	1.741537e-08	1.707139e-08	1.694952e-08	1.687038e-08	1.390005e-08	1.225601e-08	1.177785e-08
139	0.6546176	0.41086	0.3562355	0.3467211	0.3225287	0.321849	0.002221018	0.001916585	0.001842856	0.001832361	0.001333771	0.001063851	0.001024733	0.0001014995	6.95466e-06	7.389159e-07	5.552627e-08	3.490428e-08	3.426261e-08	3.145432e-08	2.966674e-08	2.172305e-08	1.728865e-08	1.718871e-08	1.685178e-08	1.67322e-08	1.665347e-08	1.37378e-08	1.210371e-08
140	0.3679848	0.3209721	0.3151498	0.2659743	0.2642622	0.2413522	0.2411984	0.0004716138	0.0003863617	0.0003699171	0.0003688869	0.0002708386	0.0002116228	0.0002032441	2.09533e-05	1.475468e-06	2.271796e-07	1.672089e-08	1.211035e-08	1.196302e-08	1.126452e-08	1.096157e-08	4.654119e-09	3.601031e-09	3.579395e-09	3.491811e-09	3.458533e-09	3.435031e-09	2.80451e-09
141	0.2968184	0.2965038	0.2943243	0.2924869	0.2436383	0.2432662	0.2206218	0.2206088	6.21463e-05	2.889066e-05	2.704606e-05	2.688579e-05	2.073734e-05	1.318722e-05	1.219688e-05	1.304631e-06	2.08778e-07	1.094071e-07	6.865595e-09	5.258257e-09	5.249449e-09	5.006513e-09	4.980313e-09	2.892122e-10	2.6565e-10	2.64265e-10	2.568046e-10	2.534497e-10	2.42292e-10
142	0.2698931	0.2595109	0.2592255	0.2571494	0.2553236	0.2435048	0.2431972	0.2205537	0.2205409	6.004019e-05	2.749241e-05	2.567531e-05	2.551839e-05	1.9712e-05	1.234157e-05	1.137356e-05	1.117826e-06	8.601496e-08	1.40952e-08	5.668386e-09	5.23844e-09	5.23007e-09	4.988142e-09	4.9623e-09	2.71845e-10	2.516514e-10	2.503378e-10	2.431351e-10	2.398896e-10
143	0.7754272	0.2662334	0.2565112	0.2562606	0.2542109	0.2524342	0.2431901	0.2429875	0.2204016	0.22039	5.856718e-05	2.613268e-05	2.43374e-05	2.419313e-05	1.859039e-05	1.190481e-05	1.099633e-05	1.0835e-06	8.349571e-08	1.380316e-08	5.590018e-09	5.227687e-09	5.219616e-09	4.979298e-09	4.953703e-09	2.6387e-10	2.441025e-10	2.428162e-10	2.356555e-10
144	0.7682356	0.735207	0.2449542	0.2360543	0.2359587	0.2341174	0.232679	0.2319893	0.2318155	0.220066	0.220057	5.155243e-05	1.983545e-05	1.822302e-05	1.809518e-05	1.414432e-05	8.516357e-06	7.751568e-06	7.675046e-07	6.043878e-08	1.173877e-08	5.201831e-09	5.109961e-09	5.103332e-09	4.896841e-09	4.873289e-09	1.880738e-10	1.720851e-10	1.709818e-10
145	0.9363022	0.7462307	0.7136896	0.2339501	0.2251118	0.2250345	0.2233132	0.2227301	0.2224038	0.2222422	0.2198838	0.219876	4.861821e-05	1.726944e-05	1.576084e-05	1.564021e-05	1.230761e-05	7.223564e-06	6.535341e-06	6.493743e-07	5.196795e-08	1.083762e-08	5.000941e-09	4.925925e-09	4.919954e-09	4.865294e-09	4.843088e-09	1.605661e-10	1.456788e-10
146	0.7547518	0.737152	0.706546	0.7034249	0.2305463	0.221754	0.2216989	0.2204641	0.2199073	0.2197915	0.2197011	0.2196885	0.2196818	4.562644e-05	1.530794e-05	1.408518e-05	1.398833e-05	1.101453e-05	6.466542e-06	5.851136e-06	5.738341e-07	4.537825e-08	1.016844e-08	4.926619e-09	4.86588e-09	4.860582e-09	4.845586e-09	4.824183e-09	1.435433e-10
147	0.01948248	0.01910601	0.01881614	0.01304582	0.01287722	0.000838344	0.0006384953	0.0006291705	0.0002615917	0.0002537153	0.0002478779	0.0002334008	0.0002304892	0.0002294595	3.040949e-05	2.88392e-06	2.694513e-06	2.682096e-06	2.006759e-06	1.451259e-06	1.371548e-06	1.369806e-07	9.463893e-09	9.173338e-10	5.49537e-11	4.255301e-11	4.144557e-11	3.674606e-11	3.597014e-11
148	0.2102747	0.01783651	0.01747011	0.01724184	0.0115024	0.01134038	0.0005763449	0.0005567972	0.0005482332	0.000198742	0.0001920009	0.0001907517	0.0001782608	0.0001757121	0.0001748251	2.998726e-06	2.584274e-06	2.408494e-06	2.397019e-06	1.783183e-06	1.317194e-06	1.249239e-06	1.248892e-07	8.562477e-09	8.076456e-10	4.842592e-11	3.840403e-11	3.738039e-11	3.319828e-11
149	0.2650594	0.2041397	0.01601953	0.01565348	0.01543386	0.009702286	0.009544729	0.0005117595	0.0004947932	0.0004869691	0.0001606374	0.0001542302	0.000153189	0.000143097	0.0001409367	0.0001402223	2.528986e-06	2.189651e-06	2.088701e-06	2.078353e-06	1.527574e-06	1.173912e-06	1.121123e-06	1.106221e-07	7.592624e-09	7.138524e-10	4.389989e-11	3.452379e-11	3.360556e-11
150	0.5572943	0.2584135	0.2032859	0.0156003	0.01523568	0.01501848	0.009309832	0.00915549	0.0004910329	0.0004750953	0.0004716734	0.000150502	0.0001442441	0.0001432474	0.0001351475	0.000133072	0.000132398	2.427952e-06	2.10583e-06	2.009806e-06	2.004486e-06	1.468672e-06	1.140039e-06	1.090699e-06	1.07288e-07	7.364866e-09	6.912941e-10	4.264071e-11	3.341806e-11
151	0.3914736	0.2680795	0.05308567	0.01323825	0.006030457	0.005993601	0.005821803	0.004328622	0.004284442	0.0003374916	0.0003296768	0.0003284261	6.292526e-05	6.16876e-05	6.127502e-05	5.74783e-05	5.676801e-05	5.648183e-05	1.42829e-06	1.267132e-06	1.221914e-06	1.219351e-06	8.817502e-07	7.232907e-07	7.005198e-07	6.913382e-08	4.636571e-09	3.962319e-10	2.387737e-11
152	0.161618	0.1442953	0.06238037	0.01358238	0.003858434	0.003669253	0.003652638	0.003641018	0.002349003	0.002313511	7.721964e-05	7.124427e-05	7.049634e-05	4.001933e-05	3.914966e-05	3.886086e-05	3.637065e-05	3.592957e-05	3.574325e-05	1.120995e-06	1.009004e-06	9.822642e-07	9.806256e-07	7.022341e-07	5.976388e-07	5.828905e-07	5.772779e-08	3.835716e-09	3.129318e-10
153	0.1132724	0.1036849	0.1014464	0.01931892	0.004136843	0.0007427374	0.0005946225	0.000585723	0.0005840437	0.000557206	0.0005532421	2.008416e-05	1.650707e-05	1.632188e-05	9.223237e-06	8.88897e-06	8.803094e-06	8.288892e-06	8.204014e-06	8.167483e-06	1.345421e-07	1.154267e-07	1.101794e-07	1.098835e-07	8.195535e-08	6.053668e-08	5.742519e-08	5.605897e-09	3.815074e-10
154	0.1995728	0.1011535	0.09493675	0.09358595	0.01010553	0.00333604	0.0005196294	0.0003915363	0.0003825493	0.0003813283	0.0003733812	0.0003713029	1.397249e-05	1.053823e-05	1.040461e-05	5.896538e-06	5.59981e-06	5.529321e-06	5.198067e-06	5.141658e-06	5.11841e-06	7.343476e-08	6.269167e-08	5.980107e-08	5.963114e-08	4.525876e-08	3.113945e-08	2.919758e-08	2.840456e-09
155	0.5295843	0.1464005	0.09646289	0.09207783	0.09123734	0.006498566	0.001137384	0.0004325629	0.0003040502	0.0003035835	0.0003030458	0.000299044	0.0002970696	1.173233e-05	8.303082e-06	8.18387e-06	4.58086e-06	4.287232e-06	4.220755e-06	3.960459e-06	3.913074e-06	3.894623e-06	4.861156e-08	4.109196e-08	3.902237e-08	3.890704e-08	3.011809e-08	1.89257e-08	1.743906e-08
156	0.5884961	0.522418	0.1442021	0.09708839	0.09293706	0.0922091	0.005948333	0.001030966	0.0004109344	0.0002818251	0.000281355	0.0002808482	0.0002767952	0.0002748028	1.093732e-05	7.463934e-06	7.346392e-06	4.025708e-06	3.72906e-06	3.663155e-06	3.424155e-06	3.379196e-06	3.362e-06	4.273291e-08	3.606488e-08	3.425634e-08	3.415293e-08	2.660546e-08	1.635209e-08
157	0.6442772	0.4965275	0.4328545	0.05688471	0.01061617	0.006525163	0.00584175	0.005654113	0.0009749526	0.0004027029	0.0002729841	0.0002725089	0.0002720087	0.0002679073	0.0002658803	1.054506e-05	7.022352e-06	6.904566e-06	3.795167e-06	3.494484e-06	3.428444e-06	3.202686e-06	3.158721e-06	3.142229e-06	4.032861e-08	3.408803e-08	3.247684e-08	3.238174e-08	2.526087e-08
158	0.6546922	0.6317238	0.4933866	0.4310589	0.05369252	0.008561263	0.004596014	0.003963011	0.003805144	0.0009307717	0.0003966762	0.0002649772	0.0002644956	0.0002640121	0.0002600202	0.000258047	1.024131e-05	6.661416e-06	6.543596e-06	3.547315e-06	3.24279e-06	3.178114e-06	2.968693e-06	2.927275e-06	2.911808e-06	3.708545e-08	3.135815e-08	2.986327e-08	2.977403e-08
159	0.3229422	0.2454318	0.2227145	0.1199691	0.0909802	0.04619565	0.00740954	0.003721168	0.003185371	0.003089369	0.0006937505	0.0002655312	0.0001317552	0.0001312791	0.0001309123	0.000127179	0.0001269539	8.328703e-06	4.702367e-06	4.588283e-06	3.090508e-06	2.781888e-06	2.717654e-06	2.533453e-06	2.494921e-06	2.481193e-06	3.196825e-08	2.714203e-08	2.587027e-08
160	0.3804231	0.2810825	0.2061771	0.1832168	0.08999576	0.06248904	0.02151504	0.006999222	0.003413428	0.002939063	0.002853063	0.0006543843	0.0002616763	0.0001254539	0.0001249707	0.000124619	0.0001208139	0.0001205849	8.035057e-06	4.343832e-06	4.228737e-06	2.813772e-06	2.500548e-06	2.435697e-06	2.289706e-06	2.251927e-06	2.239602e-06	2.887137e-08	2.44454e-08
161	0.4966981	0.2730919	0.254699	0.1790507	0.1558043	0.07453183	0.05493827	0.01740927	0.004231644	0.003102733	0.002681573	0.002622757	0.0006113633	0.0002516408	0.0001162821	0.0001157914	0.0001154531	0.0001115738	0.000111342	4.199718e-06	3.994253e-06	3.878633e-06	2.557215e-06	2.238923e-06	2.204845e-06	2.081196e-06	2.044579e-06	2.033665e-06	2.571516e-08
162	0.4395593	0.404309	0.1878431	0.1699334	0.1673757	0.1437466	0.06935264	0.05087279	0.01616475	0.0038672	0.002870021	0.002497695	0.002449704	0.0005831485	0.0002502987	0.0001122991	0.0001118264	0.0001115056	0.0001075517	0.0001073169	3.913346e-06	3.708045e-06	3.620077e-06	2.352975e-06	2.029316e-06	1.995024e-06	1.893657e-06	1.857544e-06	1.848012e-06
163	0.5291691	0.2308768	0.213942	0.04912445	0.04049468	0.03963907	0.03926799	0.0206202	0.0158225	0.005156122	0.001166085	0.0008444014	0.0007424857	0.0007298085	0.0002459979	0.0001667157	2.728801e-05	2.691553e-05	2.684575e-05	2.289953e-05	2.272893e-05	1.169305e-06	1.113402e-06	1.099842e-06	8.223486e-07	4.9773e-07	4.685146e-07	4.400273e-07	4.29623e-07
164	0.4676794	0.4410135	0.1884144	0.1766429	0.02455955	0.01680001	0.01618112	0.01586025	0.01005986	0.007797425	0.002531685	0.0005322075	0.0003752406	0.0003325641	0.0003278704	0.0001808615	0.0001542275	1.210187e-05	1.175873e-05	1.172275e-05	7.701771e-06	7.544024e-06	3.140305e-07	2.950198e-07	2.901054e-07	1.957508e-07	1.944723e-07	1.659168e-07	1.553014e-07
165	0.2350865	0.1978956	0.1783673	0.1674943	0.1660785	0.01331667	0.007923424	0.00741043	0.007361099	0.005126778	0.004191274	0.001313574	0.0001725782	9.137799e-05	7.10642e-05	6.893341e-05	1.675205e-05	7.233805e-06	7.184332e-06	6.834696e-06	6.807194e-06	2.700264e-06	2.545369e-06	1.003634e-07	9.653277e-08	9.479394e-08	6.348603e-08	6.26478e-08	6.235703e-08
166	0.09331245	0.06891935	0.04094035	0.02309668	0.01429247	0.01326461	0.01061662	0.005223181	0.004741716	0.004698481	0.003437624	0.002821219	0.0008805628	0.0001068703	5.435555e-05	4.194097e-05	4.08539e-05	1.132632e-05	5.902326e-06	5.872043e-06	5.871225e-06	5.856134e-06	1.658397e-06	1.500328e-06	5.773454e-08	5.494378e-08	5.343859e-08	3.492119e-08	3.436738e-08
167	0.7280386	0.07442258	0.05491043	0.03253496	0.01563433	0.00749288	0.006634663	0.004302545	0.003707257	0.00323791	0.003197365	0.002342843	0.001920846	0.0005905303	7.322932e-05	3.822606e-05	2.990322e-05	2.922141e-05	9.199733e-06	5.494069e-06	5.476022e-06	5.475304e-06	5.461941e-06	1.169017e-06	1.007448e-06	3.981764e-08	3.750117e-08	3.608434e-08	2.322406e-08
168	0.2107696	0.1509024	0.03529924	0.0272627	0.00752453	0.005621086	0.004404239	0.004007223	0.002755982	0.002206903	0.002164146	0.002126721	0.00165532	0.001366849	0.0004272908	4.462737e-05	1.917319e-05	1.355939e-05	1.312888e-05	2.647576e-06	6.909985e-07	6.813795e-07	6.811176e-07	6.784367e-07	6.780608e-07	5.138227e-07	2.068417e-08	1.976025e-08	1.862446e-08
169	0.07283599	0.05382666	0.02261452	0.01314548	0.007594353	0.004402157	0.003384685	0.00276841	0.002473223	0.001918888	0.001395128	0.001367337	0.001362407	0.001141272	0.0009481284	0.0003000291	2.77653e-05	9.903812e-06	6.307512e-06	6.033943e-06	1.169865e-06	2.372919e-07	2.326867e-07	2.325922e-07	2.308178e-07	2.307244e-07	2.306274e-07	8.691632e-09	8.346999e-09
170	0.03013945	0.02896768	0.02682151	0.01028095	0.006358261	0.003597253	0.00221489	0.00174582	0.001417662	0.001333273	0.001158882	0.0006646667	0.0006485545	0.0006452477	0.000544532	0.0004514787	0.0001424054	1.312062e-05	4.565567e-06	2.841331e-06	2.713864e-06	4.969314e-07	9.477757e-08	9.251953e-08	9.247394e-08	9.161996e-08	9.157512e-08	9.155316e-08	3.448913e-09
171	0.004146501	0.002335152	0.002119159	0.001973125	0.0008292347	0.0005269547	0.0003381052	0.0001949601	0.0001606945	0.0001400088	0.0001350303	0.0001219916	4.10269e-05	3.944957e-05	3.906888e-05	3.274286e-05	2.692551e-05	8.582966e-06	8.199847e-07	3.146895e-07	2.148665e-07	2.074872e-07	3.787536e-08	7.436968e-09	7.228686e-09	7.225352e-09	7.174922e-09	7.170913e-09	7.169402e-09
172	0.0318281	0.002181428	0.0012864	0.001125124	0.001049241	0.0004524907	0.0002820191	0.0001808368	8.982048e-05	7.217005e-05	6.331179e-05	6.108661e-05	5.547766e-05	1.72306e-05	1.656888e-05	1.641221e-05	1.336877e-05	1.090932e-05	3.461525e-06	3.466132e-07	1.424971e-07	1.010263e-07	9.798512e-08	1.780075e-08	3.580724e-09	3.482377e-09	3.480943e-09	3.460114e-09	3.458573e-09
173	0.8675273	0.02412742	0.001740038	0.0008691363	0.0007277049	0.0006746114	0.0003291533	0.0002022177	0.0001270292	4.898764e-05	3.614448e-05	3.038195e-05	2.887504e-05	2.597245e-05	9.513435e-06	9.234752e-06	9.169694e-06	7.185547e-06	5.823945e-06	1.836094e-06	1.923202e-07	8.366197e-08	6.072848e-08	5.903619e-08	1.174448e-08	2.335491e-09	2.279085e-09	2.27832e-09	2.266843e-09
174	0.09445757	0.03698834	0.004180136	0.000282167	0.000207937	0.0001917868	0.0001679066	8.853215e-05	4.474236e-05	2.645356e-05	1.850046e-05	1.604194e-05	1.396899e-05	1.351319e-05	1.232046e-05	3.867119e-06	3.725325e-06	3.69218e-06	2.704831e-06	2.158726e-06	6.606992e-07	8.217713e-08	4.258675e-08	3.314644e-08	3.242005e-08	6.037551e-09	1.262445e-09	1.231335e-09	1.230982e-09
175	0.01067978	0.007772871	0.004032581	0.0009480907	0.0001263025	7.466944e-05	6.317645e-05	5.400394e-05	3.932937e-05	1.130599e-05	3.428483e-06	2.008345e-06	1.625229e-06	1.127478e-06	1.030374e-06	9.063319e-07	5.908503e-07	5.825642e-07	5.806155e-07	3.054921e-07	2.381884e-07	6.755894e-08	1.485436e-08	1.076266e-08	9.179002e-09	9.041601e-09	1.688779e-09	3.582548e-10	3.514964e-10
176	0.1279953	0.00708809	0.004356446	0.002959584	0.0006237953	0.0001063542	5.720837e-05	4.642607e-05	4.059442e-05	3.517176e-05	8.201505e-06	1.144698e-06	6.252326e-07	4.893361e-07	2.965832e-07	2.597288e-07	2.232974e-07	2.035097e-07	2.018743e-07	2.014857e-07	9.196085e-08	6.997447e-08	2.056505e-08	5.391961e-09	4.139026e-09	3.557855e-09	3.498418e-09	6.557804e-10	1.409052e-10
177	0.5843321	0.124773	0.006440592	0.003671126	0.002802541	0.0005511615	7.788196e-05	5.29724e-05	4.375475e-05	3.863587e-05	3.522071e-05	7.819497e-06	7.324624e-07	3.959551e-07	3.076859e-07	1.866591e-07	1.634162e-07	1.404265e-07	1.320112e-07	1.310234e-07	1.307896e-07	5.933179e-08	4.542909e-08	1.322861e-08	3.449141e-09	2.647581e-09	2.26534e-09	2.221084e-09	4.185003e-10
178	0.8887756	0.5966955	0.1274036	0.006451989	0.003606148	0.002799229	0.0005478849	6.952934e-05	4.512284e-05	4.443382e-05	3.930784e-05	3.613082e-05	7.958954e-06	6.845478e-07	3.69557e-07	2.868805e-07	1.743977e-07	1.527792e-07	1.313544e-07	1.240092e-07	1.230929e-07	1.228762e-07	5.578181e-08	4.271287e-08	1.239821e-08	3.221447e-09	2.470943e-09	2.111319e-09	2.068656e-09
179	0.9156198	0.8866245	0.6106365	0.1302805	0.006449796	0.003533522	0.00278081	0.0005519245	6.74222e-05	4.560144e-05	4.508988e-05	4.006443e-05	3.710101e-05	8.113122e-06	6.374406e-07	3.44006e-07	2.667626e-07	1.621439e-07	1.419891e-07	1.221165e-07	1.158736e-07	1.150284e-07	1.148285e-07	5.183278e-08	3.957171e-08	1.108584e-08	3.001895e-09	2.301175e-09	1.961896e-09
180	0.9353231	0.8796099	0.8597587	0.6244943	0.1324842	0.00561961	0.003508576	0.002816255	0.0005399752	4.919927e-05	4.640451e-05	4.591605e-05	4.086677e-05	3.813967e-05	8.275102e-06	5.858983e-07	3.159939e-07	2.447319e-07	1.487302e-07	1.301873e-07	1.120105e-07	1.071935e-07	1.064264e-07	1.062446e-07	4.782622e-08	3.658206e-08	1.016532e-08	2.752261e-09	2.113052e-09
181	0.9547618	0.8938744	0.8800733	0.8618471	0.6404788	0.1352512	0.004937993	0.003529466	0.002877809	0.000545922	4.60984e-05	4.339721e-05	4.301631e-05	4.184435e-05	3.927949e-05	8.469682e-06	5.468949e-07	2.957018e-07	2.290973e-07	1.388153e-07	1.213607e-07	1.045134e-07	1.007187e-07	1.000121e-07	9.984429e-08	4.48847e-08	3.431955e-08	9.449497e-09	2.58572e-09
182	0.9477839	0.9463751	0.8902301	0.8773053	0.8604473	0.6565824	0.1375067	0.003603891	0.003545832	0.002944815	0.0005539523	4.530912e-05	4.429064e-05	4.393361e-05	4.285162e-05	4.048734e-05	8.669417e-06	4.993829e-07	2.706116e-07	2.096859e-07	1.264507e-07	1.103447e-07	9.503457e-08	9.256619e-08	9.192666e-08	9.177476e-08	4.116638e-08	3.150531e-08	8.600972e-09
183	0.4823787	0.4364113	0.436056	0.3860543	0.3736559	0.3576277	0.1668198	0.1395181	0.001559628	0.001506613	0.0009431931	0.0005344689	1.440838e-05	1.347796e-05	1.314632e-05	1.213693e-05	9.922201e-06	8.903299e-06	4.625354e-07	2.514894e-07	1.949421e-07	1.172116e-07	1.020992e-07	8.798834e-08	8.654039e-08	8.595281e-08	8.58132e-08	3.843485e-08	2.940628e-08
184	0.3252616	0.3241432	0.2821338	0.2818335	0.2360775	0.2240892	0.2091226	0.03276044	0.00749089	0.001047006	0.0009974134	0.0004770951	7.126565e-05	5.762595e-06	4.916166e-06	4.604942e-06	3.669064e-06	1.625406e-06	6.162869e-07	4.237494e-07	2.318541e-07	1.799843e-07	1.082891e-07	9.436175e-08	8.146279e-08	8.01861e-08	7.964235e-08	7.951421e-08	3.566667e-08
185	0.3308769	0.2995498	0.2985229	0.2599858	0.2597106	0.2175735	0.2059577	0.1919221	0.03009321	0.006910216	0.0009888618	0.0009485538	0.000469948	6.625399e-05	5.142351e-06	4.523069e-06	4.275763e-06	3.435084e-06	1.558175e-06	5.569634e-07	3.784371e-07	2.119461e-07	1.649665e-07	9.926758e-08	8.646968e-08	7.482897e-08	7.36832e-08	7.318306e-08	7.30652e-08
186	0.9921428	0.3041769	0.2721725	0.2712334	0.2365128	0.236264	0.1979663	0.186771	0.173689	0.02725761	0.006298278	0.0009307805	0.0008945994	0.0004623701	6.111288e-05	4.636899e-06	4.117445e-06	3.944242e-06	3.185422e-06	1.490884e-06	4.984717e-07	3.347305e-07	1.898227e-07	1.489204e-07	8.968616e-08	7.807565e-08	6.776921e-08	6.67509e-08	6.629674e-08
187	0.2507219	0.2503358	0.2446314	0.2418832	0.2410456	0.2104057	0.2101855	0.176053	0.1652806	0.1532274	0.02345772	0.005350577	0.0005816641	0.0005497754	0.0001658393	5.467816e-05	3.391418e-06	2.979669e-06	2.834793e-06	2.169453e-06	6.677334e-07	4.353318e-07	2.883833e-07	1.66818e-07	1.315763e-07	7.929476e-08	6.897477e-08	6.011353e-08	5.923483e-08
188	0.2026017	0.2018754	0.2015813	0.1996792	0.1974932	0.196785	0.1758711	0.1757079	0.1494874	0.1391914	0.1285824	0.01966824	0.004503189	0.0004759571	0.0004492815	0.0001352325	4.040204e-05	2.70966e-06	2.416116e-06	2.303844e-06	1.746858e-06	5.255025e-07	3.406888e-07	2.341166e-07	1.380464e-07	1.08995e-07	6.669327e-08	5.827895e-08	5.100132e-08
189	0.1772086	0.1683381	0.1677157	0.1674725	0.165901	0.1640742	0.1634802	0.145853	0.1457145	0.1237867	0.1144821	0.1056104	0.01617202	0.003713861	0.0003953276	0.0003733943	0.0001129063	3.404801e-05	2.221989e-06	1.991454e-06	1.902282e-06	1.44568e-06	4.337295e-07	2.822658e-07	1.91932e-07	1.143934e-07	9.06494e-08	5.561216e-08	4.862005e-08
190	0.1563011	0.1393862	0.1327831	0.1322592	0.1320683	0.1307607	0.1291858	0.128721	0.1127318	0.112608	0.09447174	0.08680677	0.08040293	0.01246724	0.002841636	0.0003114918	0.0002946748	8.900096e-05	2.763313e-05	1.800041e-06	1.597566e-06	1.520642e-06	1.172317e-06	3.685356e-07	2.384555e-07	1.615848e-07	9.269405e-08	7.302705e-08	4.468692e-08
191	0.2520798	0.1102757	0.1029499	0.09826511	0.09783798	0.09769787	0.09662995	0.09530596	0.09496847	0.08022266	0.08011094	0.06552284	0.05954336	0.05566056	0.008855137	0.001984848	0.0002302484	0.0002184369	6.569879e-05	2.146513e-05	1.406753e-06	1.225086e-06	1.157037e-06	9.147612e-07	3.108346e-07	1.989349e-07	1.34388e-07	7.220598e-08	5.622787e-08
192	0.986876	0.2235153	0.07853995	0.07257742	0.06929031	0.06905694	0.06895505	0.0681424	0.06711889	0.06687605	0.05536231	0.05527663	0.0443669	0.0421448	0.03955174	0.006358618	0.001414659	0.0001670025	0.0001585743	4.752939e-05	1.577516e-05	1.04364e-06	9.027019e-07	8.501392e-07	6.776301e-07	2.366646e-07	1.503595e-07	1.017569e-07	5.336258e-08
193	0.07525672	0.07488425	0.0484841	0.04292312	0.04069116	0.03889069	0.0387653	0.03870678	0.0382315	0.0376881	0.03755315	0.0310158	0.03096871	0.02483899	0.02377819	0.02233614	0.003596638	0.0007983878	9.315996e-05	8.84199e-05	2.624845e-05	8.683958e-06	5.856904e-07	5.053971e-07	4.75387e-07	3.779248e-07	1.308741e-07	8.430194e-08	5.757946e-08
194	0.01410625	0.01301344	0.01295186	0.009960152	0.008856898	0.008294977	0.007907508	0.007882879	0.007871062	0.00775031	0.007631497	0.007605473	0.006380298	0.006371423	0.005177306	0.004973634	0.004682265	0.0007584297	0.0001671674	1.851718e-05	1.752826e-05	5.060531e-06	1.52319e-06	1.188997e-07	1.019757e-07	9.572289e-08	7.528147e-08	2.575024e-08	1.620969e-08
195	0.03364902	0.004684823	0.004338139	0.004318999	0.00334798	0.002984388	0.002691641	0.002552541	0.002545071	0.002540939	0.002477166	0.002435316	0.002427049	0.002046247	0.002043548	0.00166566	0.001613148	0.001521966	0.000245663	5.366386e-05	5.928623e-06	5.604178e-06	1.633927e-06	4.85916e-07	3.90012e-08	3.298247e-08	3.08667e-08	2.419219e-08	8.385164e-09
196	0.1347651	0.02270538	0.003053188	0.002836866	0.002824099	0.002202824	0.001968977	0.001714809	0.001622401	0.001617698	0.00161488	0.001559217	0.001531549	0.001526376	0.001295895	0.00129425	0.00106045	0.001028679	0.0009720152	0.0001559983	3.381578e-05	3.725136e-06	3.51605e-06	1.037522e-06	3.075432e-07	2.507899e-08	2.09319e-08	1.953247e-08	1.524859e-08
197	0.8295375	0.1022179	0.01930172	0.002769818	0.002566752	0.002556144	0.001957177	0.001733878	0.00164743	0.001555265	0.001550751	0.001548443	0.001529809	0.001502368	0.001497343	0.001274582	0.001272995	0.001045628	0.001014854	0.0009595805	0.0001536277	3.326264e-05	3.650667e-06	3.444029e-06	1.017599e-06	3.009178e-07	2.467415e-08	2.054503e-08	1.916374e-08
198	0.8055023	0.8023599	0.1000244	0.01896531	0.002705163	0.002509081	0.002498758	0.001913061	0.001694405	0.001609584	0.001519432	0.001515056	0.00151281	0.001494549	0.001468213	0.001463342	0.001249372	0.001247846	0.001027911	0.0009982658	0.0009444829	0.000150739	3.259807e-05	3.564366e-06	3.361344e-06	9.948313e-07	2.93663e-07	2.418391e-08	2.009156e-08
199	0.969209	0.7734828	0.7719148	0.09607002	0.01777513	0.002641271	0.002452558	0.002442771	0.001871069	0.001656842	0.001573607	0.001485547	0.001481304	0.001479118	0.001461202	0.001436133	0.001431413	0.00122609	0.001224625	0.001011965	0.0009833262	0.000930978	0.0001480535	3.197435e-05	3.482086e-06	3.282265e-06	9.73233e-07	2.866791e-07	2.366711e-08
200	0.9967867	0.965331	0.7581519	0.7565429	0.09396547	0.01744164	0.002585497	0.002402748	0.002393202	0.001833509	0.001623617	0.001541853	0.001453649	0.001449543	0.001447427	0.001429825	0.001405	0.001400417	0.001202311	0.001200897	0.0009950036	0.0009671692	0.0009161595	0.0001455797	3.139556e-05	3.404107e-06	3.207098e-06	9.517556e-07	2.795695e-07
201	0.9564489	0.9539183	0.9348058	0.736756	0.7356226	0.09042399	0.01609683	0.00251514	0.002339234	0.002330256	0.001785771	0.001581523	0.001501761	0.001413712	0.001409745	0.001407699	0.001390405	0.001365793	0.001361347	0.001170266	0.001168902	0.0009696409	0.0009425984	0.0008930151	0.0001419327	3.057062e-05	3.308835e-06	3.116191e-06	9.246858e-07
202	0.7825983	0.7734341	0.7710127	0.7581865	0.6942421	0.6933754	0.08542121	0.01516895	0.002399877	0.002232165	0.00222361	0.001705439	0.001510064	0.001433325	0.001352749	0.001348957	0.001346998	0.001330153	0.001309504	0.001305233	0.001122759	0.001121456	0.0009305414	0.0009045268	0.0008568751	0.0001363831	2.932628e-05	3.177447e-06	2.992222e-06
203	0.7878282	0.7223224	0.7207752	0.7188174	0.7077596	0.663652	0.6629694	0.08133392	0.01409299	0.002296726	0.002137819	0.002129697	0.00163422	0.001447302	0.00137344	0.001293783	0.001290175	0.001288308	0.001271862	0.001251817	0.001247725	0.001074452	0.001073214	0.0008910041	0.0008660181	0.0008203089	0.0001307648	2.805981e-05	3.03891e-06
204	0.7462446	0.7459219	0.6775122	0.6762263	0.6744183	0.6637668	0.622571	0.6218944	0.07623201	0.01314944	0.002131715	0.001983414	0.001975817	0.001517401	0.00134352	0.001273986	0.001215056	0.001211688	0.001209939	0.001194084	0.001177701	0.001173839	0.001012411	0.001011257	0.0008402385	0.0008165751	0.0007733564	0.0001235514	2.643387e-05
205	0.6667478	0.6368421	0.6366735	0.6155255	0.6150822	0.6132464	0.6026319	0.5644851	0.5638549	0.068316	0.01183959	0.001949274	0.001814752	0.00180785	0.001394242	0.00123652	0.001172385	0.001118074	0.001115011	0.001113414	0.001098269	0.001083342	0.001079771	0.0009334811	0.0009324352	0.0007756702	0.0007536694	0.0007136122	0.0001142888
206	0.5693351	0.5689152	0.5590466	0.5589055	0.5406358	0.540253	0.5382651	0.5275904	0.4932293	0.4928547	0.05952432	0.01021706	0.001701416	0.001585901	0.001579917	0.001220066	0.001082458	0.001025007	0.0009774373	0.0009747974	0.0009734119	0.0009591928	0.0009463622	0.0009432007	0.0008181752	0.0008172807	0.0006805495	0.0006608849	0.0006252534
207	0.4361498	0.4354851	0.4354281	0.4286446	0.428583	0.4203747	0.4200988	0.4195929	0.4150077	0.3897389	0.3894426	0.04699423	0.007996291	0.001331198	0.001240605	0.001235917	0.0009519314	0.0008436221	0.000803135	0.0007656295	0.0007635545	0.0007625056	0.0007545862	0.0007444546	0.0007418523	0.0006446286	0.0006439295	0.0005340249	0.0005176807
208	0.2853543	0.2649237	0.2645142	0.2644787	0.2603711	0.2603294	0.2554229	0.2552536	0.254892	0.2521929	0.2374316	0.2372579	0.02891796	0.004904137	0.0008056232	0.0007501378	0.0007472702	0.0005729916	0.0005071284	0.000482482	0.0004599925	0.0004587433	0.0004581175	0.000453294	0.0004471081	0.0004454043	0.0003862689	0.000385845	0.0003154324
209	0.9898344	0.2759393	0.261854	0.2614712	0.2614356	0.2574187	0.2573735	0.2525887	0.2524192	0.2520122	0.2494042	0.2352415	0.2350747	0.02887535	0.004871165	0.000787802	0.000732807	0.0007299673	0.0005571232	0.0004923708	0.0004681088	0.0004466542	0.0004454374	0.0004448331	0.0004400849	0.0004342005	0.0004324097	0.0003742713	0.0003738558
210	0.9733497	0.9677478	0.2712674	0.2573906	0.2570332	0.2570021	0.253158	0.2531233	0.2486072	0.2484569	0.2479097	0.2454898	0.2326447	0.2324932	0.02911954	0.004817546	0.0007399213	0.0006861334	0.0006833586	0.0005129861	0.0004509853	0.0004276684	0.0004084002	0.0004072774	0.000406736	0.0004021898	0.0003966737	0.000394618	0.0003393438
