#unpaired probabilities
 #i$	l=1	2	3	4	5	6	7	8	9	10	11	12	13	14	15	16	17	18	19	20	21	22	23	24	25	26	27	28	29	
1	0.9728091	NA	NA	NA	NA	NA	NA	NA	NA	NA	NA	NA	NA	NA	NA	NA	NA	NA	NA	NA	NA	NA	NA	NA	NA	NA	NA	NA	NA
2	0.9378949	0.9246918	NA	NA	NA	NA	NA	NA	NA	NA	NA	NA	NA	NA	NA	NA	NA	NA	NA	NA	NA	NA	NA	NA	NA	NA	NA	NA	NA
3	0.4846809	0.4710486	0.4626616	NA	NA	NA	NA	NA	NA	NA	NA	NA	NA	NA	NA	NA	NA	NA	NA	NA	NA	NA	NA	NA	NA	NA	NA	NA	NA
4	0.4396664	0.3409748	0.3311106	0.3244196	NA	NA	NA	NA	NA	NA	NA	NA	NA	NA	NA	NA	NA	NA	NA	NA	NA	NA	NA	NA	NA	NA	NA	NA	NA
5	0.06377403	0.04763542	0.03333756	0.03152897	0.03081502	NA	NA	NA	NA	NA	NA	NA	NA	NA	NA	NA	NA	NA	NA	NA	NA	NA	NA	NA	NA	NA	NA	NA	NA
6	0.04914526	0.01297705	0.01027841	0.008226033	0.008069736	0.007968737	NA	NA	NA	NA	NA	NA	NA	NA	NA	NA	NA	NA	NA	NA	NA	NA	NA	NA	NA	NA	NA	NA	NA
7	0.1563566	0.03096042	0.007903607	0.006159335	0.004771311	0.004624168	0.004550235	NA	NA	NA	NA	NA	NA	NA	NA	NA	NA	NA	NA	NA	NA	NA	NA	NA	NA	NA	NA	NA	NA
8	0.6665205	0.1529484	0.0303975	0.00774679	0.006020543	0.004654009	0.004503294	0.00442945	NA	NA	NA	NA	NA	NA	NA	NA	NA	NA	NA	NA	NA	NA	NA	NA	NA	NA	NA	NA	NA
9	0.2321336	0.1716659	0.06350294	0.01421578	0.003737639	0.002930064	0.00225276	0.002160397	0.002118458	NA	NA	NA	NA	NA	NA	NA	NA	NA	NA	NA	NA	NA	NA	NA	NA	NA	NA	NA	NA
10	0.3623019	0.1666944	0.1109376	0.05239685	0.01154433	0.003055054	0.002392234	0.001833822	0.001752804	0.001717652	NA	NA	NA	NA	NA	NA	NA	NA	NA	NA	NA	NA	NA	NA	NA	NA	NA	NA	NA
11	0.2926348	0.2199002	0.1385424	0.0925819	0.04452339	0.009672954	0.002542382	0.00199145	0.0015224	0.001449709	0.001419181	NA	NA	NA	NA	NA	NA	NA	NA	NA	NA	NA	NA	NA	NA	NA	NA	NA	NA
12	0.8625643	0.2816475	0.2109642	0.1342477	0.08939584	0.04282262	0.009190599	0.002470422	0.001936494	0.001481331	0.001410497	0.001380856	NA	NA	NA	NA	NA	NA	NA	NA	NA	NA	NA	NA	NA	NA	NA	NA	NA
13	0.1179012	0.1034829	0.06531052	0.04870537	0.03102194	0.02338652	0.01100775	0.002276778	0.0005977972	0.000451913	0.0003223457	0.0003007848	0.0002921132	NA	NA	NA	NA	NA	NA	NA	NA	NA	NA	NA	NA	NA	NA	NA	NA
14	0.1220009	0.06239453	0.05381252	0.03461616	0.0249349	0.01466203	0.009968972	0.004956116	0.00123912	0.0003139429	0.0002281625	0.0001555427	0.0001411835	0.0001355915	NA	NA	NA	NA	NA	NA	NA	NA	NA	NA	NA	NA	NA	NA	NA
15	0.1704166	0.1118986	0.05767519	0.0497125	0.0315596	0.02260762	0.01331793	0.009070637	0.004504925	0.0011373	0.0002873855	0.000208058	0.0001394458	0.0001255363	0.0001204871	NA	NA	NA	NA	NA	NA	NA	NA	NA	NA	NA	NA	NA	NA
16	0.3594254	0.1234523	0.07987916	0.04119423	0.03490823	0.02470985	0.01784567	0.01031579	0.007011841	0.003482684	0.0008997932	0.0002211648	0.0001556712	9.865087e-05	8.641399e-05	8.209289e-05	NA	NA	NA	NA	NA	NA	NA	NA	NA	NA	NA	NA	NA
17	0.9261431	0.3470032	0.1160562	0.07529325	0.03865345	0.03264159	0.02327447	0.01691646	0.009734145	0.006589166	0.003272132	0.0008439204	0.0002083366	0.0001456971	9.105889e-05	7.92361e-05	7.524392e-05	NA	NA	NA	NA	NA	NA	NA	NA	NA	NA	NA	NA
18	0.4276321	0.3900184	0.2918589	0.08317457	0.05303982	0.02974254	0.02517168	0.01868947	0.01354888	0.007613875	0.005060143	0.002552342	0.0006687476	0.0001592768	0.0001071543	6.257841e-05	5.204348e-05	4.86006e-05	NA	NA	NA	NA	NA	NA	NA	NA	NA	NA	NA
19	0.3308576	0.2181456	0.1841156	0.1105128	0.05553732	0.03675	0.01887842	0.01581585	0.01159721	0.008388935	0.004871773	0.003334929	0.001684199	0.0004458126	0.0001038023	6.784063e-05	3.804029e-05	3.081544e-05	2.853326e-05	NA	NA	NA	NA	NA	NA	NA	NA	NA	NA
20	0.2162885	0.08405495	0.07374482	0.07163547	0.01729377	0.01229762	0.00893553	0.004007552	0.003464532	0.002436933	0.001692508	0.0008989335	0.0006133445	0.0003102302	8.105477e-05	1.896896e-05	1.268555e-05	7.649259e-06	6.495743e-06	6.098721e-06	NA	NA	NA	NA	NA	NA	NA	NA	NA
21	0.4848412	0.1518042	0.03428983	0.02682261	0.02397682	0.01259673	0.009483057	0.007174911	0.00294693	0.002518841	0.001718975	0.001171195	0.0005935456	0.000406154	0.0002049498	5.313507e-05	1.240856e-05	8.407962e-06	5.253555e-06	4.556551e-06	4.303649e-06	NA	NA	NA	NA	NA	NA	NA	NA
22	0.5234179	0.4306972	0.1379249	0.02564952	0.0195707	0.01723244	0.007838368	0.005266973	0.003305956	0.002138774	0.001746549	0.001343863	0.000898824	0.0004363894	0.0003006031	0.00015149	3.905837e-05	9.087757e-06	6.202705e-06	3.979875e-06	3.502802e-06	3.320962e-06	NA	NA	NA	NA	NA	NA	NA
23	0.2236171	0.1978904	0.1295409	0.03202414	0.01175944	0.008933613	0.007586152	0.005002815	0.003504323	0.002146223	0.001320765	0.001155768	0.0008868179	0.0006331172	0.0003118027	0.0002140988	0.0001078931	2.743597e-05	6.405834e-06	4.45396e-06	3.037145e-06	2.759999e-06	2.641268e-06	NA	NA	NA	NA	NA	NA
24	0.6877952	0.2165153	0.1909603	0.1275835	0.03180908	0.01167727	0.00887299	0.007535701	0.004970343	0.00348114	0.002131392	0.001311589	0.00114772	0.0008807925	0.0006286721	0.0003092246	0.000212306	0.0001070036	2.724227e-05	6.354429e-06	4.415119e-06	3.006446e-06	2.730858e-06	2.613867e-06	NA	NA	NA	NA	NA
25	0.4248374	0.1544942	0.104318	0.08481914	0.03053148	0.01035624	0.006244009	0.00474894	0.00383881	0.002861542	0.002000568	0.001172933	0.0006985234	0.0006049696	0.0004636276	0.0003393831	0.0001974374	0.0001331387	6.691068e-05	1.640441e-05	4.070688e-06	2.971417e-06	2.277821e-06	2.182823e-06	2.118114e-06	NA	NA	NA	NA
26	0.2549956	0.2209973	0.0981045	0.05976882	0.04236534	0.02085818	0.008044027	0.005284314	0.003980927	0.003163374	0.00240564	0.001681139	0.0009620518	0.0005604846	0.0004816789	0.0003673345	0.0002708944	0.0001587189	0.0001086377	5.436912e-05	1.299261e-05	3.416996e-06	2.676427e-06	2.136231e-06	2.081206e-06	2.027956e-06	NA	NA	NA
27	0.2676616	0.234706	0.2044148	0.09092283	0.05504137	0.03817794	0.01952869	0.00758692	0.005079376	0.003817686	0.00302359	0.002295233	0.001600689	0.0009082805	0.000525162	0.0004500952	0.0003421553	0.0002522986	0.000147403	0.0001003614	5.032077e-05	1.197423e-05	3.285278e-06	2.595641e-06	2.084022e-06	2.036113e-06	1.987066e-06	NA	NA
28	0.2826536	0.2453121	0.2166134	0.1902793	0.08136632	0.04910017	0.03408467	0.01745702	0.006929014	0.004646732	0.003508425	0.002781286	0.002102336	0.001462221	0.0008237649	0.0004747565	0.0004066433	0.0003083867	0.0002271076	0.0001321849	8.988358e-05	4.512364e-05	1.083273e-05	2.978557e-06	2.355349e-06	1.883731e-06	1.841215e-06	1.802957e-06	NA
29	0.307348	0.2732342	0.2383626	0.2107236	0.1849521	0.07650761	0.04771681	0.03303477	0.01676347	0.006740169	0.004560325	0.003444665	0.002730898	0.002062643	0.001433811	0.0008064648	0.0004642345	0.000397451	0.0003013699	0.0002217996	0.0001291005	8.78027e-05	4.410492e-05	1.060015e-05	2.917893e-06	2.308144e-06	1.845259e-06	1.803809e-06	1.767222e-06
30	0.8624238	0.2065992	0.1722848	0.1435462	0.1148671	0.08825947	0.0690963	0.04216064	0.02879906	0.01582785	0.006349918	0.004282855	0.003242961	0.002579419	0.001940162	0.001345744	0.0007551763	0.0004374833	0.000376723	0.0002858063	0.0002103392	0.000121782	8.269449e-05	4.15143e-05	9.946819e-06	2.684088e-06	2.092619e-06	1.637305e-06	1.584531e-06
31	0.8751439	0.8478649	0.1948383	0.1610687	0.1328579	0.1043882	0.07804847	0.05914156	0.04070146	0.02769913	0.01518069	0.005886919	0.004191866	0.003175285	0.002526247	0.001897908	0.001315542	0.0007367947	0.0004265996	0.0003674256	0.0002787097	0.0002050883	0.0001186185	8.051013e-05	4.040398e-05	9.673518e-06	2.613211e-06	2.036908e-06	1.593025e-06
32	0.8824783	0.8705766	0.8440216	0.1927586	0.1593397	0.1313712	0.1030365	0.07740931	0.05864408	0.04033696	0.02747904	0.01508334	0.005847758	0.004163594	0.003153784	0.002509038	0.001884851	0.001306476	0.0007316698	0.0004236316	0.0003648695	0.0002767872	0.000203696	0.000117795	7.99468e-05	4.011994e-05	9.603212e-06	2.594998e-06	2.023205e-06
33	0.5400391	0.5075463	0.4873935	0.451922	0.1716177	0.1428278	0.1177259	0.09174237	0.06849681	0.05186974	0.03542023	0.02390093	0.01331901	0.005186993	0.003686465	0.002783692	0.002207438	0.001652562	0.001142136	0.0006337709	0.0003642161	0.0003130818	0.0002373307	0.0001754677	0.0001025061	6.94543e-05	3.484569e-05	8.311755e-06	2.290289e-06
34	0.5617261	0.5118481	0.4797517	0.4592241	0.4233102	0.1689196	0.1406244	0.1159275	0.09022819	0.06727243	0.05096915	0.03480899	0.02347572	0.01311186	0.005105724	0.003629835	0.002740336	0.002172772	0.00162571	0.001122821	0.0006217379	0.0003565091	0.0003061585	0.0002316677	0.0001721973	0.0001006727	6.816215e-05	3.41644e-05	8.156485e-06
35	0.6147911	0.546413	0.4977806	0.4658784	0.4456371	0.4098228	0.1661523	0.1383954	0.1140624	0.08867144	0.06601717	0.05005921	0.03420461	0.02308573	0.01291696	0.005027637	0.003574373	0.002698336	0.00213973	0.001600166	0.001104625	0.0006107782	0.0003497264	0.0003001179	0.0002267794	0.0001693688	9.904893e-05	6.703854e-05	3.359411e-05
36	0.9729616	0.6069461	0.538912	0.4906365	0.4588599	0.4386712	0.4029037	0.1650033	0.1374848	0.1132894	0.08803562	0.06551414	0.04968291	0.03395416	0.02293204	0.01284167	0.004997682	0.003552965	0.002682122	0.002126887	0.001590396	0.001097755	0.0006068168	0.0003474575	0.0002981757	0.0002253015	0.0001683285	9.843661e-05	6.66152e-05
37	0.9568996	0.9450561	0.5821086	0.5141304	0.4658775	0.4366988	0.4160563	0.3961507	0.1612839	0.1338716	0.1097268	0.08726688	0.06489037	0.04916419	0.03371783	0.02277825	0.01275907	0.004964555	0.003528977	0.00266362	0.002111947	0.00157969	0.001090255	0.0006025213	0.0003450305	0.000296091	0.0002237956	0.0001672233	9.77834e-05
38	0.118251	0.1140311	0.1105534	0.092591	0.0832861	0.07568966	0.07017006	0.06515393	0.06002357	0.0375071	0.0306011	0.02480459	0.01981728	0.01465009	0.01090563	0.007187828	0.004527651	0.002406353	0.000983791	0.0006959678	0.0005152004	0.0004061245	0.0003139529	0.0002201556	0.0001271967	7.306024e-05	6.204657e-05	4.793801e-05	3.54494e-05
39	0.1114454	0.08206236	0.07880711	0.07586855	0.06853539	0.06189616	0.05670705	0.05262291	0.04849386	0.04429646	0.03055003	0.02476108	0.0199743	0.0159848	0.01176794	0.008737244	0.005688208	0.00349345	0.001820606	0.0007543584	0.0005321386	0.0003905674	0.0003071027	0.0002405276	0.0001697217	9.969242e-05	5.736561e-05	4.857013e-05	3.785153e-05
40	0.1429773	0.1065727	0.07856535	0.07540757	0.07255319	0.0659192	0.05956745	0.05467455	0.05077197	0.04675734	0.04268452	0.02968911	0.02403738	0.0193749	0.0155075	0.0114075	0.008461809	0.005500356	0.003364178	0.001746524	0.0007242816	0.000511827	0.0003750966	0.0002948029	0.0002313822	0.0001634321	9.623891e-05	5.538413e-05	4.686492e-05
41	0.1141036	0.08321124	0.06123034	0.04396369	0.04195559	0.04019104	0.03617532	0.03231447	0.02903834	0.026652	0.02439699	0.02211306	0.01481871	0.01222317	0.01010286	0.008041169	0.005977203	0.004483315	0.002986202	0.001939129	0.001083351	0.0004383936	0.0003116821	0.0002348543	0.0001862724	0.0001421415	9.818971e-05	5.513396e-05	3.116919e-05
42	0.9049006	0.09139131	0.06452678	0.04711262	0.03342177	0.0319226	0.03076225	0.02753288	0.02447283	0.02183893	0.02003037	0.01847371	0.0169071	0.01133572	0.009451718	0.007921921	0.006283121	0.00469418	0.003541662	0.002390114	0.001599759	0.0009235945	0.0003709755	0.0002643935	0.0002016173	0.000160517	0.0001209618	8.270756e-05	4.537559e-05
43	0.9004039	0.8976906	0.08529429	0.05925781	0.04294543	0.03196046	0.03065556	0.02955126	0.02642512	0.02347374	0.02091873	0.01917924	0.01770121	0.0162153	0.01087595	0.009074464	0.007612076	0.006021728	0.004489042	0.003383425	0.002303829	0.001549557	0.0008994169	0.0003602364	0.0002571686	0.0001963661	0.0001564219	0.000117635	8.031371e-05
44	0.7049568	0.6929367	0.6890351	0.06478328	0.04984112	0.03667533	0.02726823	0.0261782	0.02520787	0.02250688	0.0199596	0.01781482	0.01635649	0.01505511	0.01376475	0.009392795	0.007814817	0.006539619	0.005111928	0.003750164	0.002849298	0.001933676	0.001297441	0.0007727652	0.0003060781	0.0002169365	0.0001646818	0.0001305991	9.758367e-05
45	0.7801394	0.6806704	0.6689341	0.6651401	0.06208975	0.04793563	0.03519674	0.02633698	0.02528506	0.02434176	0.02173158	0.01927098	0.01719918	0.01579349	0.01453299	0.01328674	0.00908194	0.007560885	0.006332248	0.004937377	0.003610599	0.002743993	0.00186403	0.001249732	0.0007463401	0.0002937358	0.000207781	0.0001571699	0.0001241482
46	0.8182951	0.7675786	0.6768629	0.6656916	0.6622868	0.0604314	0.04649412	0.0343071	0.0256668	0.02463785	0.02371703	0.02115698	0.01874752	0.01671942	0.01534955	0.01412329	0.01291372	0.008820527	0.00735154	0.00617176	0.004810919	0.003521173	0.002679082	0.001823442	0.001224764	0.0007332414	0.0002881127	0.0002038486	0.0001544073
47	0.9875393	0.8105423	0.7601355	0.6746431	0.6642345	0.661041	0.05964325	0.04581863	0.03381795	0.02532874	0.02431442	0.02340565	0.02087064	0.01848649	0.01650737	0.01515695	0.01394699	0.0127558	0.008713387	0.007263423	0.00609913	0.004749686	0.003473532	0.002644058	0.001801558	0.001212182	0.0007271659	0.0002855305	0.0002020235
48	0.989417	0.980212	0.8039384	0.7547117	0.672165	0.6621527	0.6590712	0.05778479	0.04400451	0.03348429	0.02508525	0.02408041	0.02317919	0.02065833	0.01828903	0.01636841	0.01503195	0.01383171	0.01265993	0.008643414	0.00720135	0.006043405	0.00469905	0.003428625	0.002604027	0.001766568	0.001180375	0.0006973569	0.000284188
49	0.9638923	0.9604462	0.9558539	0.7821669	0.7351286	0.6644464	0.6562405	0.654277	0.05392196	0.04066401	0.03094841	0.0231825	0.02224356	0.02139713	0.01901867	0.01684382	0.01502183	0.01376727	0.01263669	0.01154831	0.00784548	0.0064938	0.005410006	0.004250301	0.003150458	0.002398187	0.001636968	0.001101824	0.0006555624
50	0.3166806	0.3034277	0.2892303	0.2739463	0.2524816	0.1977124	0.1361737	0.1185926	0.1053609	0.04980837	0.03718249	0.02826304	0.0211096	0.02032294	0.0195543	0.01751603	0.01550707	0.01381694	0.01266679	0.0116163	0.01061296	0.007173148	0.006012256	0.005006188	0.003928606	0.002910975	0.002215394	0.0015123	0.001018798
51	0.289342	0.2664621	0.2532073	0.238974	0.2238737	0.2032486	0.1871619	0.128147	0.1117465	0.09904753	0.04381682	0.03572611	0.0271471	0.02025708	0.01950389	0.01876261	0.01679981	0.01487922	0.0132471	0.01213776	0.01117778	0.01021047	0.006902394	0.005781139	0.004821844	0.003780635	0.002798705	0.00213109	0.001456752
52	0.3907946	0.2880405	0.2655119	0.2523462	0.238188	0.2231595	0.2026062	0.1865813	0.1277644	0.11142	0.09877709	0.04359927	0.03553563	0.02701582	0.02015698	0.0194065	0.01866798	0.01671244	0.01479925	0.01317285	0.01206795	0.01111268	0.01015032	0.006860062	0.005747284	0.004796172	0.003760716	0.002784882	0.002121119
53	0.5840502	0.3780944	0.2819351	0.2595148	0.246303	0.2320831	0.2169876	0.1963623	0.1802553	0.1275036	0.1111979	0.09859301	0.04344624	0.03540493	0.02692115	0.02008569	0.01933716	0.01860027	0.01664978	0.01474166	0.01312467	0.01202294	0.01107055	0.01011127	0.00683334	0.005725288	0.004778115	0.00374584	0.002773517
54	0.9954452	0.582474	0.3770579	0.2813653	0.2590129	0.2458264	0.2316271	0.2165516	0.1959462	0.1798554	0.1273647	0.1110711	0.09847798	0.0433403	0.03530466	0.02687246	0.02004492	0.01929639	0.01855949	0.01661055	0.01470394	0.01310247	0.01200183	0.01105017	0.01009212	0.006822106	0.005715412	0.004769231	0.003737769
55	0.9848615	0.983292	0.5718708	0.3717956	0.2782562	0.2567777	0.2438528	0.2298883	0.2150564	0.1947025	0.1788155	0.1265544	0.1103776	0.0978979	0.04284865	0.03486128	0.0265261	0.01977107	0.01902481	0.01829008	0.01635692	0.01447137	0.01288069	0.01178629	0.01084046	0.009889365	0.00667269	0.005580326	0.004646129
56	0.2326544	0.2300386	0.2278279	0.09867192	0.07222501	0.06195551	0.0565241	0.05185836	0.04735392	0.04274294	0.03786881	0.03289524	0.02574853	0.02140861	0.01733485	0.01418013	0.01074255	0.008194674	0.006110526	0.005896253	0.005676581	0.005098113	0.004517713	0.004153794	0.003833998	0.003528659	0.003240196	0.002105361	0.001756408
57	0.1711619	0.1548545	0.1536911	0.1525384	0.05433075	0.04181164	0.03622295	0.03292426	0.03002822	0.02723891	0.02439439	0.02139963	0.01842694	0.01444255	0.01191468	0.00947795	0.007582538	0.006441666	0.004924971	0.003678196	0.003552339	0.003423494	0.003079909	0.002738593	0.00253101	0.002342493	0.002178318	0.002008545	0.00126534
58	0.589007	0.166042	0.1509437	0.149927	0.1489153	0.05257961	0.04043517	0.03506779	0.0319697	0.02925325	0.02663395	0.02395315	0.02112739	0.01827467	0.01435111	0.01183542	0.009408908	0.007521524	0.006383675	0.004880652	0.003644553	0.003518194	0.003388779	0.003050545	0.002713387	0.002506508	0.002318421	0.002154099	0.001984287
59	0.7969486	0.5745411	0.1621455	0.1482455	0.1474007	0.1465567	0.05062444	0.03878011	0.03380398	0.03089872	0.0283648	0.02591814	0.02340484	0.02075136	0.01802719	0.01419504	0.0117051	0.009300357	0.007430091	0.006302389	0.004812199	0.003593227	0.003466913	0.003337487	0.003005906	0.002674408	0.00247104	0.002284186	0.002120499
60	0.3027981	0.2890258	0.0992515	0.08511554	0.08230119	0.08361997	0.08484115	0.004905656	0.001429627	0.001087731	0.0009926107	0.0009142645	0.00080723	0.0007196961	0.0006381654	0.0005567632	0.0004824781	0.0004205536	0.0003611993	0.0003101568	0.0002842694	0.000248747	0.0002207328	0.0002212312	0.0002219239	0.0002170194	0.0002124687	0.0002117917	0.0002117353
61	0.2931419	0.2891828	0.285763	0.09705315	0.08384132	0.08120523	0.08256696	0.08388228	0.00419144	0.0008450398	0.0005685885	0.0005223906	0.0004836919	0.0004479278	0.0003990958	0.0003587902	0.0003185753	0.0002851943	0.0002581165	0.0002323177	0.0002075112	0.0001978409	0.0001830497	0.0001718861	0.0001741946	0.0001767044	0.000176644	0.0001769194	0.0001792315
62	0.02813188	0.0103884	0.006997345	0.005422201	0.001522077	0.001181352	0.001066697	0.001044382	0.001027687	0.0004222415	0.0003091402	0.0002720273	0.0002446109	0.0002197647	0.0001965084	0.0001720514	0.0001454058	0.0001195002	9.974269e-05	8.512534e-05	7.09686e-05	5.254758e-05	4.527651e-05	3.439034e-05	2.656224e-05	2.60307e-05	2.549458e-05	2.338334e-05	2.132521e-05
63	0.01346588	0.01201769	0.002597037	0.001387958	0.0008191478	0.0004359397	0.000342907	0.0002919314	0.000281686	0.0002714211	0.0001808891	0.0001335723	0.0001170756	0.0001040782	9.235638e-05	8.135251e-05	6.996172e-05	5.799819e-05	4.740173e-05	3.953478e-05	3.418192e-05	2.919782e-05	1.822926e-05	1.56841e-05	1.201308e-05	9.350273e-06	9.215574e-06	9.084221e-06	8.204336e-06
64	0.006930707	0.003895962	0.003469289	0.00128826	0.0005391678	0.0003103181	0.000232122	0.0001827377	0.0001527924	0.0001460517	0.0001393562	0.0001107256	7.963212e-05	6.933877e-05	6.071587e-05	5.302671e-05	4.575674e-05	3.825253e-05	3.031277e-05	2.408482e-05	1.996782e-05	1.798553e-05	1.612483e-05	7.636901e-06	6.503168e-06	5.08266e-06	3.917776e-06	3.873146e-06	3.831693e-06
65	0.6923313	0.005795791	0.003713015	0.003315799	0.001156749	0.0004642929	0.0002673183	0.000207633	0.0001641368	0.0001385373	0.0001324321	0.0001263657	0.0001011872	7.171552e-05	6.23318e-05	5.483789e-05	4.785973e-05	4.125874e-05	3.442525e-05	2.717956e-05	2.158919e-05	1.795283e-05	1.629637e-05	1.474794e-05	6.506865e-06	5.503353e-06	4.278271e-06	3.266078e-06	3.225684e-06
66	0.4902352	0.4743538	0.005234884	0.003503399	0.003150137	0.001000748	0.0003785247	0.0002046258	0.0001667869	0.0001288725	0.0001062982	0.0001007515	9.521761e-05	7.522233e-05	6.36049e-05	5.543852e-05	4.891395e-05	4.283821e-05	3.714268e-05	3.117639e-05	2.48103e-05	1.988759e-05	1.668057e-05	1.521582e-05	1.384465e-05	5.787876e-06	4.861105e-06	3.740089e-06	2.835965e-06
67	0.1979436	0.03269348	0.01795719	0.004994	0.003390896	0.003100035	0.0009570342	0.0003610892	0.0001936964	0.0001574881	0.0001225153	0.0001010497	9.579302e-05	9.054961e-05	7.142172e-05	6.032951e-05	5.310367e-05	4.69286e-05	4.118215e-05	3.579715e-05	3.013573e-05	2.408446e-05	1.939943e-05	1.633595e-05	1.492849e-05	1.360978e-05	5.593977e-06	4.692488e-06	3.601353e-06
68	0.7237012	0.1724524	0.02919783	0.01665873	0.004061882	0.003366618	0.003084387	0.000943316	0.0003514549	0.0001900938	0.0001550867	0.0001206568	9.945397e-05	9.424188e-05	8.903966e-05	7.044015e-05	5.954448e-05	5.24418e-05	4.632764e-05	4.063212e-05	3.529455e-05	2.968121e-05	2.367944e-05	1.903708e-05	1.601071e-05	1.461735e-05	1.331067e-05	5.302783e-06	4.405623e-06
69	0.7247554	0.5474298	0.04424597	0.01566804	0.008156658	0.003227435	0.002836672	0.002728989	0.0006074435	0.0002224988	0.0001136068	8.923955e-05	7.044118e-05	5.92381e-05	5.657263e-05	5.392976e-05	4.264124e-05	3.600016e-05	3.2274e-05	2.916324e-05	2.629606e-05	2.365847e-05	2.1031e-05	1.811621e-05	1.570773e-05	1.392035e-05	1.290113e-05	1.192743e-05	4.179206e-06
70	0.7377936	0.7130394	0.5362263	0.03449662	0.01417655	0.007830269	0.003082309	0.002739884	0.002644942	0.0005293123	0.0001912467	9.639729e-05	7.562667e-05	6.00641e-05	5.081669e-05	4.8665e-05	4.652215e-05	3.685336e-05	3.123673e-05	2.81529e-05	2.560984e-05	2.331222e-05	2.117129e-05	1.903624e-05	1.662754e-05	1.462707e-05	1.310217e-05	1.221134e-05	1.136715e-05
71	0.8750392	0.7264516	0.7088994	0.5322387	0.03150581	0.0135711	0.007726217	0.003031195	0.002705656	0.00261513	0.0005010468	0.0001797488	9.033811e-05	7.080739e-05	5.636158e-05	4.779507e-05	4.581985e-05	4.385016e-05	3.477739e-05	2.952793e-05	2.667032e-05	2.432562e-05	2.220574e-05	2.023512e-05	1.82645e-05	1.602647e-05	1.416547e-05	1.273782e-05	1.190626e-05
72	0.7461827	0.7206038	0.7083688	0.7016084	0.5260337	0.02761698	0.01127031	0.005582762	0.0008986721	0.0005829129	0.0005134636	0.000491174	0.0001733657	8.831349e-05	6.91011e-05	5.496322e-05	4.664313e-05	4.470864e-05	4.278096e-05	3.41211e-05	2.901157e-05	2.623311e-05	2.39621e-05	2.189572e-05	1.997606e-05	1.806206e-05	1.588362e-05	1.406394e-05	1.270551e-05
73	0.1123117	0.07027038	0.06024317	0.05665118	0.05566477	0.05551772	0.01227241	0.007235414	0.004712574	0.000393948	0.0002204138	0.0001894481	0.0001821933	7.433462e-05	3.302804e-05	2.515368e-05	2.011196e-05	1.715004e-05	1.648255e-05	1.581502e-05	1.184207e-05	9.893772e-06	8.826895e-06	8.00357e-06	7.246193e-06	6.53634e-06	5.816404e-06	5.071808e-06	4.3126e-06
74	0.4932662	0.03921265	0.02477314	0.01693976	0.01398863	0.01322279	0.01311695	0.01083094	0.006395361	0.004656613	0.0003568733	0.0001939416	0.0001663502	0.0001597404	6.525992e-05	2.769316e-05	2.068097e-05	1.668255e-05	1.435964e-05	1.386415e-05	1.336985e-05	9.850928e-06	8.194605e-06	7.338567e-06	6.707488e-06	6.133099e-06	5.595468e-06	5.041353e-06	4.468005e-06
75	0.5590257	0.4912712	0.03834346	0.0241684	0.01648881	0.01358599	0.01283396	0.01272996	0.01046995	0.006317681	0.004604763	0.000307306	0.0001913829	0.0001641856	0.00015768	6.427565e-05	2.720424e-05	2.028514e-05	1.637595e-05	1.410851e-05	1.362697e-05	1.314673e-05	9.681884e-06	8.05397e-06	7.216541e-06	6.601871e-06	6.042732e-06	5.519472e-06	4.979306e-06
76	0.3018347	0.08249076	0.03479713	0.03291324	0.01906344	0.0117891	0.009091218	0.008377004	0.008278428	0.006132391	0.002183355	0.000516907	0.0003029048	0.0001885232	0.0001628918	0.0001564775	6.343084e-05	2.684366e-05	1.999181e-05	1.620354e-05	1.395579e-05	1.347743e-05	1.300033e-05	9.57926e-06	7.966864e-06	7.160006e-06	6.550212e-06	5.995545e-06	5.476447e-06
77	0.2780883	0.264225	0.07788921	0.03295992	0.0313008	0.01817682	0.01109843	0.008607631	0.007936007	0.00784294	0.005785182	0.00205838	0.0004807034	0.0002754008	0.0001819616	0.0001576126	0.0001514988	6.057513e-05	2.568697e-05	1.9098e-05	1.547393e-05	1.332422e-05	1.286623e-05	1.24092e-05	9.148845e-06	7.613249e-06	6.841691e-06	6.257654e-06	5.726801e-06
78	0.2717009	0.2581463	0.2505767	0.07100983	0.02754982	0.02595055	0.0131938	0.01083743	0.008412157	0.00775752	0.00766678	0.005641971	0.002002656	0.0004604074	0.0002649464	0.0001762074	0.0001542491	0.0001483354	5.858597e-05	2.492933e-05	1.845807e-05	1.495999e-05	1.286948e-05	1.242307e-05	1.197798e-05	8.887152e-06	7.392681e-06	6.644785e-06	6.077095e-06
79	0.1814872	0.171953	0.1613496	0.1552856	0.05946267	0.02332574	0.02193381	0.01199959	0.009929762	0.007945151	0.007332846	0.00724898	0.005329959	0.001920214	0.0004474277	0.0002580733	0.0001718445	0.0001511198	0.0001458632	5.68425e-05	2.431439e-05	1.799021e-05	1.456331e-05	1.251657e-05	1.207689e-05	1.16386e-05	8.653866e-06	7.197129e-06	6.465631e-06
80	0.1861125	0.1601957	0.15271	0.1432485	0.1377164	0.05450068	0.02105585	0.01976756	0.01074	0.008780135	0.006933029	0.0063655	0.006287204	0.005045354	0.00183911	0.0004336674	0.0002504127	0.0001669234	0.0001472191	0.0001421533	5.496548e-05	2.348558e-05	1.73365e-05	1.403563e-05	1.206419e-05	1.164108e-05	1.121986e-05	8.336997e-06	6.932143e-06
81	0.8444918	0.1633505	0.1417996	0.1372292	0.1288277	0.1254747	0.05247597	0.02032032	0.01909166	0.01031888	0.008411062	0.00663796	0.006094471	0.006019053	0.004823478	0.001755464	0.0004100898	0.0002427942	0.0001625819	0.000143567	0.0001387041	5.304342e-05	2.269336e-05	1.672969e-05	1.354442e-05	1.16428e-05	1.123472e-05	1.082827e-05	8.053257e-06
82	0.9266667	0.828	0.154097	0.1369634	0.1332251	0.1251011	0.12192	0.05108166	0.02000029	0.01879939	0.01014104	0.00825918	0.006515602	0.005981974	0.005907791	0.004731333	0.001718258	0.000398101	0.000233117	0.0001605947	0.0001418951	0.0001371234	5.214223e-05	2.232289e-05	1.644222e-05	1.331152e-05	1.144235e-05	1.104122e-05	1.06417e-05
83	0.4995528	0.4902528	0.4438006	0.1417305	0.1285217	0.1251487	0.1184258	0.1153553	0.04828361	0.01948501	0.01836713	0.009820759	0.008022085	0.00633489	0.005814848	0.005742566	0.004601693	0.001668788	0.0003721788	0.0002298096	0.0001583428	0.0001404432	0.0001357408	5.139498e-05	2.196941e-05	1.615438e-05	1.31094e-05	1.127012e-05	1.087553e-05
84	0.6000142	0.468635	0.4607802	0.4198983	0.1340351	0.121276	0.1180683	0.1117403	0.1088109	0.04586048	0.01848594	0.01743926	0.009281439	0.00756119	0.005981912	0.005493944	0.005425322	0.004340145	0.001569692	0.0003534664	0.0002189455	0.0001520531	0.0001351454	0.0001307215	4.865749e-05	2.082303e-05	1.526465e-05	1.239373e-05	1.065981e-05
85	0.8354217	0.5297749	0.4188316	0.4124818	0.3772442	0.1175403	0.1059599	0.1030198	0.09729862	0.09459438	0.04174115	0.01689147	0.01595999	0.008418777	0.006826433	0.00542221	0.004985673	0.00492292	0.003926922	0.001410338	0.0003229842	0.0002013849	0.0001418534	0.0001265471	0.0001225748	4.420249e-05	1.896187e-05	1.382004e-05	1.123159e-05
86	0.7972953	0.7727149	0.4865518	0.3818863	0.3766023	0.3449982	0.1066805	0.09569135	0.09295119	0.08773872	0.08521435	0.03843002	0.01553501	0.01469898	0.007675336	0.006197078	0.004941961	0.004549229	0.004491477	0.003572329	0.001275637	0.0002973655	0.0001867117	0.0001333593	0.0001193894	0.0001157947	4.048558e-05	1.741362e-05	1.261958e-05
87	0.7711528	0.7500164	0.727845	0.4569085	0.3578487	0.3532297	0.3238869	0.09986875	0.0892337	0.0866367	0.08175248	0.07934341	0.0360008	0.01435471	0.01358263	0.006908593	0.005619263	0.004520435	0.004166856	0.004113909	0.003280147	0.001177299	0.0002788341	0.0001769168	0.0001277755	0.0001147031	0.0001113631	3.800821e-05	1.640027e-05
88	0.7719904	0.7317218	0.7124511	0.6909382	0.4392262	0.3424022	0.3381963	0.3102294	0.09551238	0.08508271	0.08257384	0.07789244	0.075554	0.03423447	0.01333163	0.01260115	0.006355721	0.005220667	0.004229306	0.003902403	0.003852697	0.00307788	0.001102922	0.0002551895	0.0001706038	0.0001242709	0.0001117735	0.000108599	3.642638e-05
89	0.7771748	0.7394095	0.7014996	0.6829759	0.6618845	0.4287827	0.3333833	0.3293716	0.3021243	0.09272981	0.08241177	0.07994961	0.07538299	0.0730861	0.03297223	0.01273489	0.01203363	0.006088624	0.005025733	0.004088881	0.003775735	0.00372786	0.002981716	0.001069881	0.0002474693	0.0001654402	0.00012224	0.0001101855	0.0001071039
90	0.8472873	0.7355823	0.6994201	0.662303	0.6443503	0.6238155	0.4126145	0.3189617	0.3150456	0.2881185	0.0907732	0.08061982	0.07822088	0.07379903	0.07153833	0.03204911	0.01238303	0.01169773	0.005901297	0.00493318	0.004018778	0.003712156	0.0036652	0.00293118	0.001051963	0.0002422111	0.0001626344	0.0001207122	0.0001091247
91	0.8778865	0.8081981	0.69949	0.6644704	0.6277154	0.610107	0.5898069	0.3898866	0.2981134	0.2942811	0.2679034	0.08615778	0.07620233	0.07388031	0.06966673	0.06746438	0.02877915	0.01083996	0.01019209	0.005382283	0.00458915	0.003778101	0.003494605	0.003451787	0.002770872	0.0009755619	0.0002246288	0.0001543097	0.0001164031
92	0.6266416	0.5772129	0.5107929	0.4057503	0.3731317	0.3443479	0.3337436	0.3195804	0.1944566	0.1440536	0.142343	0.1327373	0.03402793	0.02815096	0.02732799	0.02525169	0.02450109	0.01122573	0.004854823	0.004605648	0.002737629	0.002399244	0.002000424	0.001860585	0.001840026	0.001512812	0.0005273482	0.0001010848	6.243086e-05
93	0.6849136	0.6210846	0.5717334	0.5053864	0.4004243	0.3678406	0.3391431	0.3286334	0.3145356	0.1917769	0.141724	0.1400396	0.1305704	0.03349912	0.0276555	0.02684495	0.02480461	0.02406658	0.01096522	0.004682323	0.004471258	0.002677644	0.002357079	0.001969242	0.001832211	0.001812081	0.001491727	0.0005216175	9.976473e-05
94	0.6786544	0.6318178	0.5942363	0.5452547	0.480895	0.3783868	0.3465493	0.3187623	0.3088525	0.3036587	0.1868861	0.1372308	0.1355969	0.1286669	0.03309637	0.02728073	0.02649529	0.02449336	0.02376316	0.01083147	0.004622346	0.004414035	0.002646677	0.002330807	0.001948667	0.00181331	0.001793439	0.001476762	0.0005164101
95	0.7277685	0.5932355	0.5608939	0.5394386	0.4909577	0.4327062	0.3377053	0.3075576	0.2799635	0.2701864	0.2651171	0.1791153	0.1312798	0.129745	0.1230803	0.03156536	0.02583061	0.02507478	0.02317251	0.02246819	0.01029388	0.004476312	0.004277662	0.00257564	0.002269213	0.001928343	0.001795046	0.001775562	0.001462888
96	0.3373703	0.2014251	0.1791798	0.1676276	0.1586317	0.13412	0.1294274	0.1266398	0.1229946	0.1197468	0.1167081	0.1148512	0.07670873	0.06854973	0.0679341	0.06319381	0.01951869	0.01478708	0.01437497	0.01342869	0.0131608	0.00540533	0.00226692	0.002165824	0.001303353	0.001145679	0.0009758575	0.0009138208	0.000903916
97	0.3425686	0.2982812	0.1633101	0.146583	0.1356028	0.1277458	0.120156	0.1187876	0.1172652	0.1166182	0.1139471	0.1111194	0.1093508	0.07326905	0.06543038	0.06486294	0.06031558	0.01863065	0.01422738	0.01383553	0.01292944	0.01267165	0.005235868	0.00220322	0.002105908	0.001265644	0.001111657	0.0009482174	0.0008883292
98	0.5381013	0.2956416	0.2648643	0.1306336	0.1152605	0.1053249	0.1009102	0.09974475	0.09883921	0.09810364	0.09767603	0.09519734	0.09251953	0.09083014	0.06049275	0.05368375	0.05315982	0.04871145	0.01460155	0.0137473	0.01339544	0.01260744	0.01237365	0.005107823	0.002141582	0.002048197	0.001220452	0.001068725	0.0009079127
99	0.5836088	0.4709969	0.2613235	0.2360959	0.1025461	0.09414356	0.08600009	0.08250874	0.08195761	0.08134019	0.08076984	0.08044244	0.07838037	0.07612755	0.07468121	0.0499126	0.04424039	0.04382441	0.03973406	0.01224374	0.01167337	0.01146632	0.01080714	0.01060556	0.004194164	0.001683	0.001608402	0.0008956008	0.0007639461
100	0.4806264	0.3928227	0.2996446	0.1108459	0.09091544	0.08918882	0.08261566	0.07593696	0.07285487	0.07256459	0.07202201	0.07152075	0.07123647	0.06956013	0.06770791	0.06649232	0.04449858	0.03943363	0.03907255	0.03527685	0.01098264	0.0104879	0.01030868	0.00973044	0.009545239	0.003659603	0.001420641	0.001356938	0.0007325336
101	0.6473753	0.4607681	0.3829181	0.2924627	0.1051267	0.08581502	0.08412856	0.08087394	0.0743275	0.07133364	0.07104879	0.07051636	0.07002456	0.06974572	0.06810607	0.06630379	0.06512604	0.04357209	0.03860615	0.03825177	0.03452044	0.0107594	0.01027457	0.01009928	0.00953261	0.009349775	0.003574792	0.001382428	0.001320351
102	0.1049013	0.1008477	0.05626462	0.03990388	0.02656197	0.01996059	0.01640768	0.01592846	0.01536275	0.01457576	0.01406742	0.01401908	0.01392913	0.01384424	0.01379633	0.01358138	0.0132277	0.01288904	0.008765929	0.007724174	0.007661406	0.006591714	0.002829148	0.002735258	0.002700915	0.00258406	0.002541887	0.000951115	0.0003330518
103	0.1162165	0.1002937	0.09645588	0.05356005	0.03780528	0.02535035	0.01919305	0.01582733	0.01536553	0.01481518	0.01406054	0.01358737	0.01354073	0.01345404	0.01337213	0.01332584	0.01311656	0.01276901	0.01243488	0.008452037	0.007446119	0.007385567	0.006354341	0.00272803	0.002637234	0.002604015	0.002491307	0.002449832	0.0009120471
104	0.8633836	0.1121196	0.09899002	0.0952273	0.05298926	0.0373758	0.02503401	0.0189542	0.01572589	0.01526572	0.01471798	0.01396807	0.01351025	0.01346392	0.01337778	0.01329639	0.01325038	0.01304242	0.01269621	0.0123629	0.008403789	0.007403074	0.007342843	0.006315188	0.002715346	0.00262505	0.002592011	0.002479922	0.002438559
105	0.9161302	0.8537451	0.1041805	0.09128728	0.08753239	0.05013977	0.03568525	0.024948	0.01891714	0.01570187	0.01524215	0.01469612	0.01394744	0.01349093	0.01344468	0.01335869	0.01327743	0.01323149	0.01302379	0.01267786	0.01234473	0.008391743	0.007392367	0.007332224	0.006305169	0.002712285	0.00262213	0.002589142	0.002477202
106	0.5656917	0.4912413	0.4364014	0.09425519	0.08224183	0.07858406	0.04522704	0.03338606	0.02338877	0.01814722	0.01503952	0.01459192	0.01408	0.0133771	0.01294494	0.01290102	0.01281943	0.01274224	0.01269853	0.01249972	0.01216283	0.01183492	0.008058341	0.007096009	0.007038435	0.006024231	0.002632667	0.002546672	0.00251514
107	0.9723878	0.5532103	0.485541	0.4331547	0.09216498	0.0802202	0.07656798	0.04458452	0.03288766	0.02331585	0.01810466	0.01500914	0.01456202	0.01405372	0.01335246	0.01292229	0.01287846	0.01279704	0.01272001	0.01267638	0.0124779	0.01214137	0.01181371	0.008044343	0.007083544	0.007026064	0.006012438	0.002629131	0.002543302
108	0.9838444	0.9684216	0.5494014	0.4838369	0.4317749	0.09166748	0.07977227	0.07612786	0.04436448	0.03277054	0.02323894	0.01805744	0.01497137	0.01452505	0.01402008	0.01332076	0.0128927	0.01284897	0.01276776	0.01269091	0.01264739	0.01244948	0.01211385	0.01178696	0.008026491	0.007067743	0.007010387	0.005998153	0.002624051
109	0.2115929	0.2070101	0.1983086	0.1945078	0.1443207	0.1256524	0.04400077	0.03776808	0.03613549	0.01861964	0.01323799	0.009333103	0.007279152	0.006475865	0.006257055	0.006102801	0.005900026	0.005720464	0.005701671	0.00566595	0.005632109	0.00561401	0.005582096	0.005531323	0.005452339	0.003767312	0.003311285	0.003286084	0.002696995
110	0.1113598	0.108238	0.105382	0.09803742	0.09697689	0.04894295	0.0414571	0.01363671	0.01191238	0.01165859	0.006574534	0.004667608	0.0032561	0.002550088	0.002345515	0.00228235	0.002204432	0.002160494	0.002096908	0.002089944	0.002076407	0.002063578	0.002056867	0.002049314	0.002038573	0.002025532	0.001403816	0.001236253	0.001228257
111	0.09714129	0.07880104	0.07728967	0.07542131	0.06852856	0.06774145	0.02165343	0.01742733	0.004718537	0.004155665	0.004105594	0.002177867	0.00150181	0.0009761796	0.0008143346	0.0007716193	0.0007652271	0.000713326	0.000701311	0.0006825726	0.0006804328	0.0006761354	0.0006720568	0.0006699001	0.0006666834	0.0006624564	0.0006592573	0.0004655201	0.0004206509
112	0.08486059	0.07760314	0.06903924	0.06794621	0.06628343	0.06053051	0.05984488	0.01950522	0.01566698	0.00420512	0.003730942	0.003687496	0.00197733	0.001374115	0.0009051646	0.0007612148	0.0007275793	0.0007220477	0.0006710449	0.0006598226	0.0006432697	0.0006412147	0.0006370781	0.000633154	0.00063108	0.0006279969	0.00062395	0.0006209383	0.0004350043
113	0.1296681	0.08401095	0.07707078	0.06863328	0.06757396	0.06592273	0.06018435	0.05950263	0.0191861	0.01540475	0.004071033	0.003602598	0.003559827	0.001910692	0.001334497	0.0008785863	0.0007561493	0.0007231776	0.0007176986	0.0006668021	0.0006557017	0.0006393071	0.0006372643	0.0006331511	0.0006292487	0.0006271864	0.0006241392	0.0006201377	0.0006171599
114	0.9856567	0.1211759	0.08161664	0.0748504	0.06678242	0.06579368	0.0641667	0.05845288	0.05778977	0.01748636	0.01436071	0.003709329	0.003314685	0.003275768	0.001739831	0.00121548	0.000804304	0.0006963997	0.0006699943	0.0006647998	0.0006147779	0.0006047684	0.0005902525	0.0005884569	0.0005848325	0.000581365	0.0005795187	0.0005765717	0.0005726589
115	0.9322927	0.9244612	0.1114136	0.07950778	0.07291908	0.06530698	0.06436824	0.06275427	0.0570541	0.05639864	0.01610434	0.01330876	0.003374172	0.003010265	0.002975141	0.001567289	0.001097353	0.0007263879	0.0006310081	0.000607843	0.0006029381	0.0005539165	0.0005449277	0.0005325234	0.0005310515	0.0005280757	0.0005251962	0.0005236526	0.0005215863
116	0.9808977	0.9220253	0.916222	0.1041028	0.07464193	0.06821377	0.06360586	0.06276036	0.06117756	0.05555335	0.05492703	0.01464041	0.01218295	0.003013626	0.002679221	0.002649925	0.001357618	0.0009366045	0.0006030654	0.0005217883	0.0005033312	0.0004987824	0.000492949	0.0004867089	0.0004762881	0.0004750854	0.0004726465	0.0004702661	0.0004689832
117	0.9467188	0.9451846	0.886855	0.8814718	0.07055664	0.05966662	0.05868462	0.05458251	0.05424404	0.05355296	0.04801166	0.04746796	0.007202759	0.005005671	0.001709141	0.001564798	0.001547469	0.0008645115	0.0005816673	0.0004115007	0.000358379	0.0003461221	0.0003429211	0.0003388571	0.0003359432	0.0003282105	0.0003271449	0.0003249851	0.0003228628
118	0.9758342	0.9462128	0.944706	0.8864005	0.8810303	0.07013329	0.05931004	0.05844193	0.05436977	0.0540439	0.05335674	0.04781803	0.04727559	0.007010955	0.004824631	0.001633602	0.00149874	0.00148204	0.000833012	0.0005595216	0.0003979309	0.0003470631	0.000335701	0.0003325912	0.0003286212	0.0003257625	0.0003182482	0.0003171906	0.0003150461
119	0.9653134	0.9613415	0.9421436	0.9408513	0.8825535	0.8771865	0.06629126	0.05551014	0.05466712	0.05414913	0.05383159	0.05314653	0.0476104	0.04706938	0.006805364	0.00465407	0.00158222	0.001453263	0.00143735	0.0008066113	0.0005409282	0.0003846171	0.0003356047	0.0003264107	0.0003233663	0.0003202303	0.0003175937	0.0003103603	0.0003093373
120	0.8949755	0.8862178	0.8828019	0.8700828	0.8697501	0.8692279	0.8681563	0.05762433	0.04704829	0.04642183	0.04603396	0.04586608	0.04582264	0.04577414	0.04561572	0.005366149	0.003389825	0.001146221	0.001052536	0.001041002	0.0005782097	0.0003838506	0.0002721711	0.0002361188	0.000229747	0.0002271896	0.0002249422	0.000222877	0.0002185215
121	0.9722129	0.883934	0.8818061	0.8800296	0.8684301	0.868125	0.8676367	0.8666868	0.05618151	0.04595414	0.04544961	0.04515362	0.04501721	0.04498203	0.04494238	0.0448119	0.00456881	0.002745016	0.0009342562	0.0008610635	0.0008515689	0.0004813549	0.0003259806	0.0002361089	0.000207706	0.0002022008	0.0001997849	0.0001979063	0.0001959467
122	0.02224687	0.02160212	0.01170342	0.01107131	0.01040406	0.009798608	0.009767414	0.009739453	0.009725928	0.009698101	0.003301122	0.003060999	0.00293243	0.002871783	0.00285813	0.002845093	0.002839023	0.002833955	0.001333009	0.0004587697	0.0004204429	0.0004142945	0.0002415634	0.000168182	0.0001194038	0.0001031827	9.926544e-05	9.712377e-05	9.593606e-05
123	0.003816631	0.00267414	0.002527449	0.002015363	0.001937947	0.001559287	0.00137661	0.001365477	0.001355656	0.001350487	0.001344262	0.001230829	0.001077201	0.0009991116	0.0009620072	0.0009536698	0.0009455784	0.0009419233	0.0009400066	0.0008161154	0.0002844928	0.0002609275	0.0002570067	0.0001493477	0.0001037345	7.364238e-05	6.434784e-05	6.230901e-05	6.042088e-05
124	0.01328978	0.00293076	0.002220338	0.002108705	0.001686359	0.001624732	0.001362545	0.001205255	0.001195943	0.001187413	0.001182881	0.001177456	0.001075934	0.0009580269	0.0008884545	0.000855478	0.0008480706	0.0008407554	0.0008374532	0.0008357412	0.0007222462	0.0002533752	0.000232471	0.0002289551	0.0001329937	9.235764e-05	6.549823e-05	5.746097e-05	5.567692e-05
125	0.01817974	0.004474297	0.0008235321	0.0006528737	0.0006215549	0.0005346768	0.0005116102	0.0004420711	0.0003992012	0.0003965258	0.0003925908	0.0003905205	0.0003887443	0.0003467302	0.0003111644	0.0002898983	0.0002795665	0.0002770807	0.0002734343	0.0002716296	0.000270831	0.0002261643	7.746485e-05	7.094243e-05	6.889224e-05	4.087344e-05	2.890845e-05	2.0371e-05	1.765989e-05
126	0.04521126	0.006065075	0.001351024	0.0002702063	0.0001958715	0.000187534	0.0001675039	0.0001579854	0.0001319822	0.0001174513	0.0001166877	0.0001150258	0.0001141755	0.0001136853	9.764313e-05	8.894592e-05	8.351125e-05	8.07653e-05	8.002867e-05	7.841704e-05	7.758017e-05	7.732443e-05	6.125074e-05	1.943685e-05	1.767607e-05	1.736757e-05	1.082056e-05	7.97314e-06	5.442741e-06
127	0.7187217	0.03164471	0.003951884	0.0008613529	0.0001800598	0.0001228867	0.000117163	0.0001063291	9.975562e-05	7.978439e-05	7.04469e-05	6.999414e-05	6.877642e-05	6.816018e-05	6.786292e-05	5.70414e-05	5.241216e-05	4.946872e-05	4.792846e-05	4.74805e-05	4.62892e-05	4.565679e-05	4.549008e-05	3.493248e-05	1.053829e-05	9.628753e-06	9.459331e-06	6.082045e-06	4.596494e-06
128	0.6358898	0.6252828	0.01935102	0.002328686	0.000549225	9.54878e-05	7.47128e-05	7.016653e-05	6.349283e-05	6.118474e-05	4.489271e-05	3.896059e-05	3.868809e-05	3.785803e-05	3.744704e-05	3.72477e-05	3.154306e-05	2.870572e-05	2.689568e-05	2.599944e-05	2.572989e-05	2.492779e-05	2.450649e-05	2.440897e-05	1.888996e-05	6.593914e-06	6.039114e-06	5.935409e-06	3.804818e-06
129	0.2546017	0.2002134	0.1909884	0.01482095	0.001897987	0.0004767085	8.095407e-05	6.293374e-05	6.118077e-05	5.526882e-05	5.366841e-05	3.811987e-05	3.278226e-05	3.254905e-05	3.179894e-05	3.14317e-05	3.126129e-05	2.639616e-05	2.39888e-05	2.2443e-05	2.168798e-05	2.145819e-05	2.07284e-05	2.038512e-05	2.030203e-05	1.560205e-05	5.720993e-06	5.241797e-06	5.15346e-06
130	0.6579118	0.2352724	0.1929163	0.185298	0.01405241	0.001791005	0.0004514133	7.449314e-05	5.85546e-05	5.689547e-05	5.16967e-05	5.02879e-05	3.497312e-05	2.979718e-05	2.957746e-05	2.885022e-05	2.849483e-05	2.833695e-05	2.399912e-05	2.181819e-05	2.040798e-05	1.971691e-05	1.95021e-05	1.879337e-05	1.84604e-05	1.838233e-05	1.417269e-05	5.251938e-06	4.811704e-06
131	0.6144447	0.6102468	0.1943031	0.1664636	0.161087	0.01078801	0.001354415	0.0003754529	5.788237e-05	4.437248e-05	4.331254e-05	3.951086e-05	3.833679e-05	2.355784e-05	2.089692e-05	2.075845e-05	2.039967e-05	2.021047e-05	2.009727e-05	1.742499e-05	1.572742e-05	1.466339e-05	1.414005e-05	1.399537e-05	1.365018e-05	1.347762e-05	1.342746e-05	1.085339e-05	4.003598e-06
132	0.05108756	0.04672389	0.04484645	0.03863532	0.02570099	0.0231118	0.003288013	0.0005659117	0.0002292421	2.184158e-05	1.62142e-05	1.579554e-05	1.387035e-05	1.314247e-05	1.155029e-05	1.058393e-05	1.052177e-05	1.041072e-05	1.035182e-05	1.029981e-05	9.175023e-06	8.238514e-06	7.662709e-06	7.381795e-06	7.312006e-06	7.206051e-06	7.155381e-06	7.137173e-06	6.056955e-06
133	0.06768062	0.04739585	0.0433492	0.04153923	0.03593269	0.02384889	0.02141882	0.00297521	0.000407097	9.307618e-05	2.083643e-05	1.567268e-05	1.526882e-05	1.340989e-05	1.269732e-05	1.114334e-05	1.021301e-05	1.01531e-05	1.004553e-05	9.988494e-06	9.938152e-06	8.855048e-06	7.953145e-06	7.398205e-06	7.127928e-06	7.060769e-06	6.958213e-06	6.909183e-06	6.891544e-06
134	0.9097201	0.05936539	0.04271594	0.04056421	0.03883651	0.03373918	0.02236103	0.02005806	0.002803974	0.0003851342	8.840744e-05	1.925148e-05	1.457268e-05	1.419376e-05	1.240728e-05	1.181268e-05	1.029384e-05	9.426638e-06	9.370246e-06	9.271919e-06	9.219927e-06	9.171984e-06	8.324184e-06	7.456601e-06	6.923916e-06	6.665632e-06	6.602027e-06	6.508715e-06	6.464534e-06
135	0.6533743	0.6467198	0.02834726	0.02513472	0.02399679	0.02349986	0.02016689	0.01433446	0.01315587	0.001787131	0.0002406152	5.364243e-05	1.114274e-05	8.808236e-06	8.580546e-06	7.695239e-06	7.293234e-06	6.159297e-06	5.572828e-06	5.538751e-06	5.466385e-06	5.428604e-06	5.401195e-06	4.754651e-06	4.290979e-06	4.004421e-06	3.862377e-06	3.825778e-06	3.756684e-06
136	0.65969	0.6039689	0.5991521	0.02379347	0.02121533	0.0202867	0.01983712	0.01696628	0.01239181	0.01146666	0.001542789	0.000206081	4.614894e-05	9.611729e-06	7.554489e-06	7.361588e-06	6.65847e-06	6.295174e-06	5.234863e-06	4.730661e-06	4.701802e-06	4.636193e-06	4.602909e-06	4.579896e-06	3.980361e-06	3.601097e-06	3.36854e-06	3.252267e-06	3.221817e-06
137	0.602547	0.5591569	0.5151844	0.511491	0.01832718	0.01636259	0.01568829	0.0155281	0.01317508	0.00992751	0.009274574	0.001220928	0.0001630253	3.692658e-05	7.613912e-06	5.863601e-06	5.717851e-06	5.183756e-06	4.872955e-06	4.009525e-06	3.619776e-06	3.597828e-06	3.545136e-06	3.518339e-06	3.500772e-06	3.003405e-06	2.727634e-06	2.55813e-06	2.472748e-06
138	0.4932939	0.4228257	0.3994783	0.3560108	0.3526568	0.01686825	0.01524645	0.01458896	0.01443271	0.01238213	0.009218453	0.008599548	0.001176803	0.000157957	3.603246e-05	7.470348e-06	5.749675e-06	5.607313e-06	5.083834e-06	4.778359e-06	3.921889e-06	3.539221e-06	3.517732e-06	3.465915e-06	3.439559e-06	3.42232e-06	2.934443e-06	2.665475e-06	2.500114e-06
139	0.6966789	0.4832644	0.4165597	0.3945867	0.3525975	0.3493399	0.01653629	0.01502203	0.01437256	0.01421788	0.01220112	0.009078225	0.008466919	0.001159272	0.0001553665	3.559603e-05	7.3873e-06	5.683689e-06	5.5431e-06	5.023844e-06	4.723417e-06	3.87035e-06	3.49443e-06	3.473224e-06	3.422188e-06	3.396221e-06	3.379137e-06	2.898709e-06	2.632306e-06
140	0.4227092	0.3772779	0.3642343	0.3112374	0.306564	0.2702325	0.2694504	0.003863664	0.003364299	0.00318593	0.00315556	0.002725893	0.001950012	0.001797186	0.0002577086	3.754167e-05	1.14506e-05	2.193059e-06	1.785353e-06	1.74752e-06	1.601154e-06	1.544886e-06	9.258355e-07	8.279232e-07	8.227547e-07	8.076765e-07	7.997882e-07	7.939911e-07	6.669425e-07
141	0.3516062	0.3498146	0.3425247	0.3365442	0.2846724	0.2827936	0.2476699	0.2474927	0.001081309	0.0008217194	0.0007551804	0.0007448587	0.000658326	0.0004105463	0.0003611173	5.422472e-05	1.196342e-05	6.219931e-06	9.478137e-07	7.805081e-07	7.735791e-07	7.075668e-07	6.954966e-07	2.186335e-07	2.058136e-07	2.047191e-07	2.017712e-07	2.003094e-07	1.973024e-07
142	0.3400485	0.3170458	0.3153686	0.3083037	0.3024288	0.2840529	0.282462	0.2473518	0.2471794	0.001050684	0.0007977291	0.0007318771	0.0007217572	0.0006377761	0.0003951562	0.0003466734	4.862264e-05	7.529806e-06	2.286615e-06	8.357584e-07	7.747142e-07	7.680055e-07	7.024262e-07	6.905225e-07	2.139203e-07	2.017243e-07	2.006616e-07	1.977964e-07	1.963805e-07
143	0.8042934	0.3289635	0.3072992	0.3058058	0.2989045	0.2933547	0.2828675	0.2816139	0.2468916	0.2467316	0.001012467	0.0007619661	0.0006970957	0.0006874131	0.0006067175	0.0003796177	0.0003336285	4.694237e-05	7.303038e-06	2.230909e-06	8.148108e-07	7.644168e-07	7.579052e-07	6.93564e-07	6.818657e-07	2.056346e-07	1.937779e-07	1.927456e-07	1.899407e-07
144	0.811246	0.7647365	0.303195	0.2829122	0.2820773	0.2757469	0.2715803	0.2689126	0.2677768	0.2460898	0.2459542	0.0009022074	0.0006603019	0.0005995364	0.0005907508	0.0005234135	0.0003200334	0.000278656	3.959202e-05	6.302853e-06	2.008683e-06	7.404101e-07	7.124338e-07	7.068093e-07	6.51646e-07	6.40965e-07	1.664003e-07	1.561962e-07	1.552896e-07
145	0.9143797	0.7774975	0.7326137	0.282406	0.2625467	0.2618553	0.2560334	0.2542633	0.2528361	0.2517705	0.2454645	0.2453472	0.0008237712	0.0005885225	0.000531375	0.0005232963	0.0004647942	0.0002798261	0.0002421597	3.466921e-05	5.578386e-06	1.822167e-06	6.827636e-07	6.585864e-07	6.535643e-07	6.248078e-07	6.151485e-07	1.420568e-07	1.32722e-07
146	0.7922404	0.7611325	0.7198281	0.7100768	0.2716856	0.2522554	0.2517946	0.2475287	0.2459469	0.2453781	0.2447414	0.2444901	0.2443936	0.0007179978	0.0004992792	0.000450931	0.0004441871	0.0003950131	0.0002371247	0.0002049251	2.864161e-05	4.571682e-06	1.604301e-06	6.406547e-07	6.204751e-07	6.161933e-07	6.002985e-07	5.915996e-07	1.200106e-07
147	0.04663176	0.04530761	0.04440153	0.03056378	0.02953753	0.004700564	0.003820402	0.003712956	0.001986624	0.001889319	0.001831317	0.001660778	0.001556904	0.001525848	0.0003368202	0.0001590361	0.0001493681	0.0001476561	0.0001286996	8.724074e-05	7.896274e-05	1.096662e-05	1.52785e-06	3.458933e-07	6.836934e-08	6.044823e-08	5.887024e-08	5.142852e-08	4.999865e-08
148	0.1727972	0.04290709	0.04165465	0.0410303	0.02731458	0.02633844	0.003633291	0.00331538	0.003219197	0.001603321	0.001522902	0.001489951	0.001338867	0.001244575	0.001216566	0.0001585989	0.0001444139	0.0001354593	0.0001338919	0.000116613	7.933746e-05	7.192717e-05	9.991308e-06	1.379545e-06	3.082059e-07	6.214976e-08	5.554784e-08	5.407076e-08	4.726658e-08
149	0.2250844	0.1670713	0.03956099	0.03831189	0.03773144	0.02406667	0.02312069	0.003228778	0.002956153	0.002871242	0.001390635	0.001315528	0.001286585	0.001155667	0.001075518	0.001051358	0.0001400094	0.0001276812	0.0001206335	0.0001192237	0.0001034263	7.192588e-05	6.563587e-05	9.009168e-06	1.245442e-06	2.776007e-07	5.615014e-08	5.026401e-08	4.890498e-08
150	0.514638	0.21809	0.1655385	0.03849966	0.03725964	0.03669602	0.02313597	0.02220745	0.003073545	0.002816902	0.002754801	0.001314406	0.001241618	0.0012139	0.001097845	0.001021927	0.0009990128	0.0001340337	0.0001223029	0.0001155684	0.0001143847	9.908696e-05	6.944398e-05	6.351712e-05	8.684418e-06	1.201027e-06	2.674213e-07	5.406332e-08	4.841353e-08
151	0.4352938	0.2951839	0.06948794	0.02928703	0.01785538	0.01766744	0.01736203	0.01365427	0.0134203	0.001992706	0.001845529	0.001815271	0.0007578432	0.0007276256	0.000712014	0.0006411237	0.0006054902	0.0005931878	8.592067e-05	7.877676e-05	7.481092e-05	7.411721e-05	6.390474e-05	4.607862e-05	4.254419e-05	5.781228e-06	7.58592e-07	1.534008e-07	3.371887e-08
152	0.2535386	0.2309861	0.123658	0.03086986	0.01272358	0.01174586	0.01165515	0.01155769	0.008606064	0.00845112	0.001047876	0.0009348329	0.0009144074	0.0005486301	0.0005247167	0.0005132745	0.0004618265	0.0004374629	0.0004286914	6.593785e-05	6.0626e-05	5.795541e-05	5.747205e-05	4.933232e-05	3.645529e-05	3.391201e-05	4.606096e-06	5.909627e-07	1.135148e-07
153	0.216872	0.182368	0.1749447	0.06895168	0.01567919	0.005915567	0.005140953	0.005096547	0.005051221	0.004880891	0.004829128	0.000587177	0.0005075536	0.0004952356	0.0002921617	0.0002771622	0.0002709292	0.0002457235	0.0002317504	0.0002272475	2.690262e-05	2.447333e-05	2.305929e-05	2.281201e-05	1.985197e-05	1.355244e-05	1.22545e-05	1.659716e-06	2.294085e-07
154	0.3109625	0.1842991	0.1590747	0.1535227	0.04619306	0.01351764	0.004882039	0.004207742	0.004163834	0.004125542	0.004028255	0.003990071	0.0004835897	0.0004101252	0.0003994746	0.0002371686	0.0002235475	0.0002183189	0.0001983991	0.0001865253	0.0001828752	2.039575e-05	1.85401e-05	1.743183e-05	1.723686e-05	1.50265e-05	1.01303e-05	9.116483e-06	1.229245e-06
155	0.5841787	0.2578133	0.1687152	0.1487358	0.1448043	0.03632874	0.008222079	0.004328585	0.003663194	0.003653539	0.003624556	0.003544378	0.00350871	0.0004220772	0.0003514584	0.0003415875	0.0002026742	0.0001895221	0.0001847891	0.0001680396	0.0001572799	0.0001541012	1.670065e-05	1.519993e-05	1.426781e-05	1.410742e-05	1.23041e-05	8.258182e-06	7.421149e-06
156	0.6486078	0.5745393	0.2520822	0.167106	0.1483572	0.1447593	0.03447946	0.00778322	0.004143689	0.003483051	0.003473377	0.003444743	0.003363593	0.0033277	0.0004013316	0.0003303939	0.0003205792	0.0001907451	0.0001776064	0.0001730105	0.0001572866	0.0001465887	0.0001435119	1.547844e-05	1.405872e-05	1.318942e-05	1.303834e-05	1.138432e-05	7.598104e-06
157	0.6415157	0.5280833	0.4584322	0.1382504	0.0559184	0.03793577	0.03456289	0.03282626	0.007405692	0.003996767	0.003339913	0.00333021	0.003301595	0.003219391	0.003183	0.0003820575	0.0003106253	0.0003008242	0.0001807193	0.0001675602	0.0001630749	0.0001483374	0.0001376636	0.0001346795	1.460213e-05	1.32493e-05	1.244603e-05	1.230396e-05	1.073737e-05
158	0.6447144	0.6183054	0.511873	0.4447281	0.125225	0.04597332	0.02895536	0.02579696	0.02423999	0.007042703	0.003836352	0.003175507	0.00316575	0.003137352	0.003055606	0.003019692	0.0003636726	0.0002917886	0.0002820364	0.0001698709	0.0001567004	0.0001523735	0.0001386489	0.0001281134	0.0001252323	1.363101e-05	1.23543e-05	1.16055e-05	1.147176e-05
159	0.3765611	0.3104315	0.2851652	0.2121275	0.1673809	0.1069483	0.03953674	0.02427603	0.02155239	0.02038318	0.005540164	0.002956602	0.00229407	0.002284629	0.002261181	0.002184313	0.002169056	0.0003220411	0.0002510441	0.0002418129	0.0001493414	0.0001362161	0.0001321602	0.0001202407	0.0001103518	0.0001077569	1.183773e-05	1.072652e-05	1.008251e-05
160	0.4367271	0.3163772	0.2582995	0.2335869	0.1698014	0.12807	0.07361906	0.03610864	0.02189014	0.01952214	0.01846247	0.005138548	0.002809853	0.002139792	0.002130297	0.00210708	0.002028848	0.002013398	0.0003039934	0.0002323397	0.0002231055	0.0001373801	0.0001242054	0.0001202459	0.0001098393	9.994895e-05	9.745664e-05	1.09489e-05	9.904849e-06
161	0.5328733	0.2989524	0.2736924	0.2163758	0.1916257	0.1428292	0.1109543	0.0616988	0.02834462	0.01963244	0.01750962	0.01669747	0.004692749	0.002585409	0.001942903	0.001933347	0.001910365	0.00183077	0.00181534	0.0002398263	0.0002144138	0.0002053012	0.0001266472	0.0001133776	0.0001100202	0.0001005938	9.089715e-05	8.852111e-05	1.002989e-05
162	0.5047408	0.4556892	0.2335682	0.2086855	0.203937	0.1789658	0.1334586	0.1031204	0.05726769	0.02632695	0.0183259	0.01636376	0.01563704	0.00444191	0.002477026	0.001825398	0.001816417	0.001793675	0.001712754	0.001697178	0.0002257656	0.0002004447	0.000192234	0.0001187082	0.0001053021	0.0001020157	9.338051e-05	8.366141e-05	8.135835e-05
163	0.5640813	0.294962	0.2652772	0.08549415	0.06860333	0.06635314	0.06567259	0.04855432	0.03865283	0.02157563	0.009685421	0.006573108	0.005871549	0.005626383	0.001866808	0.001231267	0.0006005784	0.000594657	0.0005894878	0.0005146139	0.000506683	7.990313e-05	7.13232e-05	6.907482e-05	4.740324e-05	3.466081e-05	3.254731e-05	2.971817e-05	2.661242e-05
164	0.4570212	0.4220833	0.234952	0.2152437	0.05002528	0.03451506	0.03264166	0.03210718	0.02595356	0.02090419	0.01145815	0.004896451	0.00317536	0.002813082	0.002698363	0.001191039	0.0009266508	0.0002911805	0.0002862721	0.0002841324	0.000208961	0.0002030908	2.92333e-05	2.610541e-05	2.526718e-05	1.642423e-05	1.61201e-05	1.432219e-05	1.301918e-05
165	0.2978417	0.2565071	0.2289955	0.2025422	0.1985127	0.03203302	0.02035698	0.01867111	0.01835624	0.01483629	0.01231014	0.00647709	0.002434715	0.00141271	0.001196169	0.001130636	0.0003352506	0.0001959784	0.0001927586	0.0001878177	0.0001863554	0.0001098261	0.0001045676	1.410262e-05	1.298526e-05	1.261011e-05	8.050787e-06	7.840648e-06	7.697859e-06
166	0.1407377	0.1132226	0.08123638	0.05607271	0.03366874	0.03044898	0.02683509	0.01515444	0.01349555	0.01320351	0.01072123	0.008892159	0.004629075	0.001715589	0.0009850109	0.000830815	0.000788113	0.0002503732	0.0001550901	0.0001528633	0.0001527701	0.0001518128	7.367198e-05	6.839691e-05	9.559173e-06	8.689378e-06	8.370843e-06	5.398258e-06	5.248517e-06
167	0.6743804	0.1179562	0.09341067	0.06478348	0.04064141	0.01938092	0.01649332	0.01324067	0.01213927	0.01047621	0.01019313	0.008228306	0.006815385	0.003516807	0.00132024	0.0007675929	0.0006496155	0.0006188538	0.0002108342	0.0001376288	0.0001361342	0.0001360514	0.0001352122	5.534493e-05	5.000341e-05	7.248553e-06	6.501567e-06	6.206359e-06	4.028051e-06
168	0.3069793	0.2259648	0.0549111	0.04634231	0.02057062	0.01674663	0.01174396	0.01034031	0.0086164	0.007665165	0.007558513	0.007293651	0.005905747	0.004899425	0.002477625	0.0008710841	0.0004659072	0.0003793751	0.0003589913	8.684051e-05	3.769399e-05	3.672782e-05	3.668884e-05	3.638993e-05	3.62783e-05	3.098395e-05	4.516053e-06	4.144131e-06	3.933641e-06
169	0.1232744	0.07996351	0.04001238	0.02243658	0.01665486	0.0127735	0.01100371	0.008077608	0.00703842	0.005821962	0.004979391	0.004919432	0.004887299	0.004008104	0.003323768	0.001664327	0.0005842488	0.0003092852	0.000249161	0.0002355951	5.320838e-05	1.977581e-05	1.916375e-05	1.914605e-05	1.895904e-05	1.890152e-05	1.883553e-05	2.626271e-06	2.440416e-06
170	0.05531914	0.05197405	0.04567932	0.01929061	0.0118002	0.008464178	0.007079524	0.006222906	0.004298576	0.003751174	0.003449709	0.002738473	0.00270165	0.002680136	0.002150197	0.001759381	0.0008733103	0.0003284321	0.0001837779	0.0001479546	0.0001407242	2.867208e-05	9.525397e-06	9.183282e-06	9.173086e-06	9.067734e-06	9.036268e-06	9.009226e-06	1.303013e-06
171	0.01166671	0.008979507	0.008295321	0.007463301	0.003494801	0.002053748	0.001441516	0.001143733	0.0009885448	0.0007644327	0.0007013972	0.0006473215	0.0004719389	0.000464318	0.0004598336	0.0003904436	0.0003191146	0.0001631517	5.500846e-05	2.836599e-05	2.309651e-05	2.19162e-05	4.839376e-06	1.904349e-06	1.834868e-06	1.832954e-06	1.813663e-06	1.806967e-06	1.801478e-06
172	0.04971928	0.007423109	0.005687457	0.005249805	0.004836838	0.002091769	0.001144575	0.0007377937	0.0005699602	0.0004887002	0.0003785296	0.0003454139	0.0003181367	0.0002431278	0.0002400993	0.000238344	0.0002038402	0.0001668355	8.715329e-05	2.782868e-05	1.334026e-05	1.061524e-05	1.004551e-05	2.2187e-06	8.669178e-07	8.358237e-07	8.349675e-07	8.253797e-07	8.223549e-07
173	0.8081309	0.042769	0.005764383	0.004163709	0.003859203	0.003563368	0.001732409	0.0009177934	0.0005545557	0.0004170948	0.0003537945	0.0002718065	0.0002453289	0.0002247196	0.0001855975	0.0001838909	0.0001829433	0.000157562	0.0001296499	6.87081e-05	2.07248e-05	9.088463e-06	6.984897e-06	6.566708e-06	1.5358e-06	5.909941e-07	5.709178e-07	5.70359e-07	5.632622e-07
174	0.113424	0.06408278	0.007751582	0.001192019	0.000954241	0.0008632805	0.0007244728	0.00046096	0.0002369131	0.0001701361	0.0001348209	0.000115518	8.865639e-05	8.177187e-05	7.502352e-05	5.488434e-05	5.404849e-05	5.357118e-05	4.282391e-05	3.386009e-05	1.663398e-05	6.914614e-06	4.350254e-06	3.724686e-06	3.568708e-06	8.146639e-07	3.411313e-07	3.293171e-07	3.29022e-07
175	0.0276336	0.02382568	0.01619451	0.003422832	0.0006133586	0.0004726271	0.0004189334	0.0003511805	0.0002504487	9.731494e-05	6.014435e-05	4.536583e-05	3.764456e-05	2.633372e-05	2.349982e-05	2.094584e-05	1.904221e-05	1.886202e-05	1.877332e-05	1.407843e-05	1.120412e-05	5.622253e-06	2.677655e-06	1.863773e-06	1.62767e-06	1.565573e-06	3.607921e-07	1.52657e-07	1.480436e-07
176	0.1244133	0.01963102	0.01637124	0.01192827	0.002374462	0.0004631122	0.0003461234	0.0003036265	0.0002588275	0.0002006822	6.370155e-05	3.335117e-05	2.472863e-05	2.029858e-05	1.368315e-05	1.203563e-05	1.062464e-05	1.011981e-05	1.003381e-05	9.993554e-06	7.294551e-06	5.777896e-06	3.072023e-06	1.505618e-06	1.069729e-06	9.3854e-07	9.019615e-07	2.098312e-07	8.958471e-08
177	0.5898644	0.1176777	0.01729218	0.01408665	0.01084608	0.002056414	0.0003848998	0.0003067389	0.0002707006	0.0002331009	0.0001892204	5.467938e-05	2.579379e-05	1.897173e-05	1.548923e-05	1.045558e-05	9.205629e-06	8.106851e-06	7.766296e-06	7.701519e-06	7.671346e-06	5.603554e-06	4.473317e-06	2.378743e-06	1.161817e-06	8.269699e-07	7.259618e-07	6.9658e-07	1.640373e-07
178	0.8038655	0.5954067	0.1178614	0.0168023	0.01355286	0.01062341	0.001977703	0.0003540466	0.0002797839	0.0002649048	0.0002290276	0.0001892189	5.276883e-05	2.378166e-05	1.743483e-05	1.420978e-05	9.621142e-06	8.485647e-06	7.471329e-06	7.170545e-06	7.111255e-06	7.083689e-06	5.185616e-06	4.138001e-06	2.196673e-06	1.069711e-06	7.612221e-07	6.687014e-07	6.412638e-07
179	0.8370121	0.7981956	0.6043331	0.1186052	0.01641202	0.01314942	0.01045279	0.001928723	0.0003397368	0.0002732638	0.0002601348	0.0002264454	0.0001897386	5.114848e-05	2.194161e-05	1.606713e-05	1.308316e-05	8.857326e-06	7.81178e-06	6.87669e-06	6.616869e-06	6.562635e-06	6.537477e-06	4.778213e-06	3.804459e-06	1.998303e-06	9.873592e-07	7.026438e-07	6.169249e-07
180	0.9100245	0.812426	0.7792157	0.614447	0.1191665	0.01548086	0.01288989	0.01038753	0.001861908	0.0002973304	0.0002703073	0.0002579492	0.000225287	0.000191177	4.989844e-05	2.035664e-05	1.490225e-05	1.212999e-05	8.210369e-06	7.240198e-06	6.374821e-06	6.157466e-06	6.107671e-06	6.084588e-06	4.443814e-06	3.539745e-06	1.851145e-06	9.144063e-07	6.515264e-07
181	0.9360121	0.8519058	0.8105959	0.7821603	0.6265282	0.1198982	0.01422846	0.01279018	0.0104266	0.001837303	0.0002807077	0.0002555468	0.000244662	0.0002257755	0.0001936147	4.917643e-05	1.916484e-05	1.403796e-05	1.142952e-05	7.730565e-06	6.815461e-06	6.00332e-06	5.817044e-06	5.770439e-06	5.74893e-06	4.196764e-06	3.340825e-06	1.739987e-06	8.637055e-07
182	0.9315	0.927765	0.8501805	0.8121153	0.7854283	0.6397342	0.1208086	0.01305707	0.01270277	0.01048582	0.001820929	0.000273399	0.0002542054	0.0002440304	0.000226323	0.0001961802	4.835258e-05	1.784388e-05	1.308952e-05	1.066503e-05	7.198998e-06	6.341277e-06	5.588027e-06	5.440455e-06	5.397205e-06	5.37733e-06	3.922587e-06	3.121939e-06	1.619423e-06
183	0.4955505	0.4351542	0.4333035	0.363716	0.3281144	0.3026378	0.1645891	0.1177175	0.007416529	0.007096228	0.004991763	0.001689841	0.0001391564	0.0001213885	0.0001118541	9.519592e-05	6.661099e-05	4.796019e-05	1.681457e-05	1.235218e-05	1.007124e-05	6.794555e-06	5.98031e-06	5.272716e-06	5.154838e-06	5.114176e-06	5.095575e-06	3.714442e-06	2.954102e-06
184	0.3724406	0.3701349	0.3155995	0.3140033	0.2502174	0.2165648	0.1926869	0.063613	0.01964261	0.006183828	0.005880565	0.003925449	0.0007012936	0.0001056357	8.923385e-05	8.031503e-05	6.46816e-05	3.809854e-05	2.023485e-05	1.569638e-05	1.155374e-05	9.430195e-06	6.36917e-06	5.610466e-06	4.951769e-06	4.845148e-06	4.80688e-06	4.789514e-06	3.491579e-06
185	0.3927215	0.3481317	0.346033	0.2957322	0.2942589	0.2352681	0.203447	0.1808573	0.05969548	0.01852291	0.005908526	0.005655431	0.00382129	0.0006622363	9.6911e-05	8.317296e-05	7.533206e-05	6.086409e-05	3.597078e-05	1.88034e-05	1.454993e-05	1.080012e-05	8.834235e-06	5.972607e-06	5.262721e-06	4.652497e-06	4.555292e-06	4.519248e-06	4.502881e-06
186	0.9857415	0.3680043	0.3226816	0.3207544	0.2751725	0.2738239	0.2198256	0.189973	0.168639	0.05561722	0.01738486	0.005645622	0.005413461	0.003714527	0.0006233438	8.887884e-05	7.666452e-05	7.030421e-05	5.689491e-05	3.378643e-05	1.73518e-05	1.33911e-05	9.984322e-06	8.209304e-06	5.560537e-06	4.900242e-06	4.340305e-06	4.251951e-06	4.218187e-06
187	0.3122608	0.3111125	0.2992505	0.2930229	0.2913292	0.2506145	0.2494032	0.2007979	0.1729776	0.1529912	0.048755	0.01463453	0.003837183	0.003624662	0.002064843	0.0005743154	7.447941e-05	6.389949e-05	5.830093e-05	4.616627e-05	2.499029e-05	1.578825e-05	1.2165e-05	9.128971e-06	7.533046e-06	5.110748e-06	4.504389e-06	3.999023e-06	3.920195e-06
188	0.2686012	0.2669798	0.2661507	0.2610921	0.2559321	0.2545176	0.2211807	0.2201767	0.1786311	0.1530755	0.1348292	0.04296797	0.0128564	0.003307235	0.003120224	0.001771975	0.0004449807	6.358783e-05	5.483163e-05	5.010427e-05	3.948806e-05	2.135177e-05	1.348635e-05	1.063517e-05	8.015087e-06	6.620932e-06	4.534963e-06	4.013028e-06	3.569292e-06
189	0.2420715	0.2355396	0.2341303	0.2333979	0.2289485	0.2242718	0.2230084	0.1924859	0.1915712	0.1540839	0.1313274	0.1159867	0.0376209	0.01120238	0.002873117	0.002711779	0.001540014	0.0003887137	5.607763e-05	4.828205e-05	4.40236e-05	3.491135e-05	1.906982e-05	1.198944e-05	9.444741e-06	7.068782e-06	5.825733e-06	3.986645e-06	3.528217e-06
190	0.2328861	0.2058892	0.2009484	0.1997055	0.1990598	0.195136	0.1909295	0.1898067	0.1613191	0.1604748	0.1264917	0.1068475	0.09502523	0.03197409	0.009414331	0.002402022	0.002268944	0.001286579	0.000328286	4.888088e-05	4.17232e-05	3.785756e-05	3.03982e-05	1.695613e-05	1.054134e-05	8.283822e-06	6.098853e-06	4.996108e-06	3.404928e-06
191	0.3971869	0.1827775	0.1692872	0.1653113	0.1642511	0.163694	0.1602769	0.1565648	0.1555837	0.1290213	0.1282452	0.09773624	0.08133315	0.07323684	0.02615852	0.007566394	0.001916436	0.001812724	0.001023958	0.0002660104	4.166747e-05	3.512254e-05	3.156953e-05	2.583498e-05	1.48269e-05	9.060139e-06	7.088165e-06	5.109141e-06	4.147644e-06
192	0.979337	0.3693043	0.146037	0.1342016	0.1309242	0.1301261	0.1296625	0.1267891	0.1236691	0.122857	0.1002773	0.0996253	0.07406572	0.06359632	0.05761909	0.0211412	0.006059446	0.001525629	0.001443766	0.0008146279	0.0002129161	3.426987e-05	2.871491e-05	2.570462e-05	2.119265e-05	1.233198e-05	7.44525e-06	5.815536e-06	4.141653e-06
193	0.1414391	0.1402423	0.1063918	0.1003902	0.09603294	0.09393526	0.09336518	0.09302106	0.09088502	0.08869194	0.08810525	0.07171384	0.07124559	0.05275772	0.04558798	0.0413592	0.01521369	0.004353874	0.001086858	0.001028258	0.0005784926	0.000151272	2.457814e-05	2.04951e-05	1.828629e-05	1.503744e-05	8.695214e-06	5.343045e-06	4.175719e-06
194	0.0742731	0.07065884	0.07009576	0.06189705	0.0587645	0.05605907	0.05478226	0.05446083	0.05426883	0.05294379	0.05162785	0.05128822	0.04182456	0.04155371	0.0308459	0.02672009	0.02426733	0.008916007	0.002536185	0.0006258401	0.0005917033	0.0003325494	8.580658e-05	1.438764e-05	1.192596e-05	1.06018e-05	8.683576e-06	5.031125e-06	3.055508e-06
195	0.08428478	0.0427037	0.04064774	0.0403172	0.03559709	0.03376008	0.03186101	0.03107401	0.0308911	0.03077769	0.02990445	0.02912819	0.02893351	0.0235752	0.02342199	0.01733987	0.0150631	0.01369757	0.004982659	0.001413591	0.0003536964	0.0003342733	0.0001883925	4.845448e-05	8.295527e-06	6.816901e-06	6.036401e-06	4.934084e-06	2.87695e-06
196	0.2128196	0.06537238	0.03273937	0.03116497	0.03090596	0.0273324	0.02593101	0.02427217	0.02369149	0.02355118	0.02346192	0.02272405	0.02213464	0.02198503	0.01791284	0.01779612	0.01316189	0.01143539	0.01040518	0.003744248	0.001059414	0.000267158	0.0002522867	0.0001430659	3.679184e-05	6.392328e-06	5.212355e-06	4.597804e-06	3.746239e-06
197	0.8509223	0.1793698	0.05887082	0.03092596	0.02942675	0.02920008	0.02577885	0.02445181	0.02356285	0.02298872	0.02285265	0.02277086	0.02229382	0.02171213	0.02156582	0.01757715	0.01746307	0.01291828	0.01122626	0.0102192	0.003659501	0.001034794	0.0002616413	0.0002470041	0.0001402788	3.596465e-05	6.291143e-06	5.118149e-06	4.509852e-06
198	0.8298344	0.8245001	0.1755923	0.05781757	0.03024659	0.02878234	0.02856049	0.02520757	0.02390598	0.02303239	0.0224788	0.0223456	0.02226533	0.02179755	0.02123283	0.02108954	0.01719706	0.01708568	0.01264362	0.01099052	0.01000792	0.003561295	0.001006782	0.0002557954	0.0002414527	0.000137314	3.514967e-05	6.180404e-06	5.017254e-06
199	0.9681378	0.8072505	0.803264	0.1705588	0.0559224	0.0296556	0.02822349	0.02800745	0.02471343	0.02343186	0.02257074	0.02204142	0.0219106	0.0218316	0.0213714	0.02082474	0.02068399	0.01687455	0.01676552	0.01241093	0.01078982	0.00982849	0.003471906	0.000981347	0.0002507885	0.0002366924	0.0001348113	3.445532e-05	6.084027e-06
200	0.986563	0.9620619	0.7945725	0.7904835	0.1677448	0.05513504	0.02903703	0.0276372	0.02742545	0.02418419	0.02292374	0.022075	0.02155087	0.02142313	0.02134601	0.0208943	0.02035818	0.02022061	0.01650787	0.01640157	0.01215015	0.01056632	0.009628182	0.00339735	0.000959872	0.0002458062	0.000231945	0.0001322671	3.371682e-05
201	0.9597785	0.9476215	0.9324776	0.7756318	0.7723808	0.1622252	0.05221624	0.0282996	0.02694438	0.02674158	0.02357395	0.02234201	0.02151238	0.0209962	0.02087198	0.02079698	0.02035461	0.01983099	0.01969695	0.01609129	0.01598802	0.01185047	0.01030862	0.009394581	0.003309782	0.0009350134	0.0002399988	0.0002264394	0.0001292786
202	0.8582047	0.8497162	0.8378969	0.824781	0.740029	0.7372626	0.1550861	0.0500249	0.02727845	0.02597539	0.02578012	0.02272779	0.02153591	0.02072979	0.02025547	0.02013575	0.02006346	0.01963363	0.01914308	0.01901363	0.01554456	0.01544516	0.01145395	0.009966516	0.009082297	0.003194436	0.000902398	0.0002325237	0.0002193938
203	0.8480086	0.7897197	0.7869341	0.776224	0.7657349	0.710158	0.7080418	0.1478466	0.0467993	0.02618627	0.02494805	0.02476206	0.02183768	0.02069255	0.01991552	0.01945426	0.01933971	0.01927049	0.01885457	0.01838304	0.01825872	0.01494485	0.01484983	0.01102304	0.009596662	0.008745235	0.00306713	0.0008664244	0.0002242481
204	0.8144882	0.8128979	0.751987	0.7495192	0.7393931	0.7294568	0.6775311	0.6754641	0.140613	0.04433941	0.02473185	0.02356496	0.02338922	0.02063386	0.01955117	0.01880938	0.01840971	0.01830178	0.01823653	0.0178392	0.01740614	0.01728844	0.01417532	0.01408598	0.01047157	0.009124082	0.00831428	0.002903877	0.0008204604
205	0.7360197	0.7037588	0.702785	0.6842014	0.6829011	0.673209	0.6638117	0.6162964	0.6145032	0.1275832	0.04025526	0.02284855	0.02177892	0.02161806	0.01913689	0.01815463	0.01747047	0.01709955	0.01700024	0.01694008	0.01656822	0.01616878	0.01605947	0.01320196	0.01311985	0.009774942	0.008526805	0.007769394	0.002695234
206	0.643234	0.6418652	0.6301799	0.6293549	0.6145901	0.6134605	0.6037406	0.594637	0.5512699	0.5498918	0.1138404	0.03560952	0.02022786	0.01929295	0.01915169	0.01696795	0.01609965	0.01548086	0.01515202	0.01506499	0.01501223	0.014674	0.01432427	0.01422729	0.01174381	0.01167227	0.008722473	0.007620044	0.006937568
207	0.52803	0.5267748	0.5264616	0.5178876	0.5175612	0.5087046	0.5078559	0.5028587	0.4972092	0.4620184	0.46087	0.09543581	0.029782	0.0169128	0.01613555	0.01601873	0.0141928	0.01346757	0.01299254	0.01271578	0.01264337	0.01260021	0.0123435	0.01205012	0.01196757	0.009908855	0.009849357	0.007354073	0.006429035
208	0.3967412	0.3786357	0.3777104	0.3774795	0.3712119	0.3709667	0.3646787	0.3640723	0.3600946	0.3560838	0.3323057	0.3315145	0.06926901	0.02157453	0.01229744	0.011742	0.01165831	0.01031688	0.009786125	0.009437618	0.009236709	0.00918502	0.009154302	0.00896289	0.008750323	0.008688235	0.007220757	0.007178155	0.005324766
209	0.9837842	0.3722929	0.3610518	0.3601996	0.3599766	0.3540581	0.3538152	0.3479238	0.3473448	0.3431681	0.3393516	0.317708	0.316981	0.06635255	0.02037068	0.01156201	0.01104966	0.01097212	0.009685053	0.009178973	0.008845524	0.008661792	0.008614372	0.008586285	0.008400437	0.008205183	0.008144282	0.006803166	0.006763986
210	0.9712045	0.9603099	0.3379883	0.3273619	0.3266195	0.3264225	0.3212262	0.321011	0.3160136	0.3155078	0.3107136	0.3072003	0.2894268	0.2888325	0.05963572	0.01697719	0.009267736	0.008887957	0.008829041	0.007689944	0.007254247	0.006964262	0.00681847	0.00678452	0.006764726	0.00659721	0.006447666	0.006391119	0.005452948
