#unpaired probabilities
 #i$	l=1	2	3	4	5	6	7	8	9	10	11	12	13	14	15	16	17	18	19	20	21	22	
1	0.8828411	NA	NA	NA	NA	NA	NA	NA	NA	NA	NA	NA	NA	NA	NA	NA	NA	NA	NA	NA	NA	NA
2	0.3951015	0.3805965	NA	NA	NA	NA	NA	NA	NA	NA	NA	NA	NA	NA	NA	NA	NA	NA	NA	NA	NA	NA
3	0.262481	0.173513	0.1692611	NA	NA	NA	NA	NA	NA	NA	NA	NA	NA	NA	NA	NA	NA	NA	NA	NA	NA	NA
4	0.2410348	0.1375494	0.08708893	0.08269375	NA	NA	NA	NA	NA	NA	NA	NA	NA	NA	NA	NA	NA	NA	NA	NA	NA	NA
5	0.3218876	0.1847514	0.1032128	0.06290336	0.05818587	NA	NA	NA	NA	NA	NA	NA	NA	NA	NA	NA	NA	NA	NA	NA	NA	NA
6	0.2792527	0.2157861	0.1480382	0.08317961	0.04976072	0.04542672	NA	NA	NA	NA	NA	NA	NA	NA	NA	NA	NA	NA	NA	NA	NA	NA
7	0.4483793	0.2112307	0.1772775	0.1443134	0.08183318	0.04882532	0.04448321	NA	NA	NA	NA	NA	NA	NA	NA	NA	NA	NA	NA	NA	NA	NA
8	0.5591525	0.2876228	0.205354	0.1736371	0.1426791	0.08094881	0.04829349	0.04399599	NA	NA	NA	NA	NA	NA	NA	NA	NA	NA	NA	NA	NA	NA
9	0.6123781	0.4486469	0.262521	0.1993954	0.1693939	0.1398463	0.0794467	0.04740212	0.04318694	NA	NA	NA	NA	NA	NA	NA	NA	NA	NA	NA	NA	NA
10	0.6246947	0.5736722	0.4336314	0.2570519	0.1965998	0.16717	0.1382711	0.07853589	0.04683214	0.0426478	NA	NA	NA	NA	NA	NA	NA	NA	NA	NA	NA	NA
11	0.7756512	0.6169154	0.5659254	0.43036	0.2556088	0.1958133	0.1666889	0.138007	0.07838943	0.04674053	0.0425614	NA	NA	NA	NA	NA	NA	NA	NA	NA	NA	NA
12	0.9185996	0.7056297	0.5793604	0.533715	0.4057928	0.240493	0.1866725	0.1614049	0.1373921	0.07815845	0.04658339	0.04240488	NA	NA	NA	NA	NA	NA	NA	NA	NA	NA
13	0.8414194	0.8197806	0.6083941	0.5325643	0.495466	0.3779348	0.2222055	0.1749152	0.1531803	0.1333652	0.07578948	0.04490589	0.04069734	NA	NA	NA	NA	NA	NA	NA	NA	NA
14	0.8382566	0.7974643	0.7793204	0.5711729	0.5056936	0.4716886	0.357893	0.2112981	0.1671759	0.1475917	0.1297207	0.07362626	0.04338246	0.0391473	NA	NA	NA	NA	NA	NA	NA	NA
15	0.8452862	0.8278758	0.7896322	0.7719305	0.5645591	0.5001222	0.467264	0.3550315	0.2094046	0.1657015	0.1462931	0.128598	0.07293243	0.04288504	0.03863819	NA	NA	NA	NA	NA	NA	NA
16	0.7906575	0.7123484	0.6937775	0.6537198	0.6381082	0.4587669	0.3983153	0.3694149	0.2919479	0.1823871	0.1487345	0.1348155	0.1239355	0.07034261	0.04123124	0.03705624	NA	NA	NA	NA	NA	NA
17	0.7452582	0.7136543	0.6696108	0.652574	0.6172728	0.6040706	0.4253985	0.3761975	0.3493346	0.2758996	0.170762	0.139109	0.1269992	0.1168038	0.06626803	0.03879257	0.0348275	NA	NA	NA	NA	NA
18	0.7215336	0.6375006	0.6005231	0.5520405	0.5279186	0.4855439	0.4636978	0.4147963	0.3665172	0.3408175	0.2683122	0.1674581	0.1365585	0.1248043	0.1150197	0.06525329	0.03818723	0.03427549	NA	NA	NA	NA
19	0.7748831	0.6751733	0.6124402	0.5857887	0.5400522	0.516736	0.4749327	0.4531551	0.4041479	0.362001	0.336803	0.2649421	0.1648506	0.1343966	0.122827	0.1131631	0.06413697	0.0374321	0.03352717	NA	NA	NA
20	0.253596	0.2335884	0.2300229	0.2303539	0.2320984	0.2288344	0.2287598	0.2296858	0.220645	0.1751948	0.1589455	0.1413615	0.1201385	0.06124864	0.03845264	0.02475974	0.008060162	0.004232394	0.002538304	0.002322163	NA	NA
21	0.3549101	0.2465122	0.2269006	0.2249027	0.2263844	0.2281943	0.2249493	0.2258195	0.2269486	0.2180785	0.1727078	0.1565211	0.1389734	0.1178313	0.06047879	0.03789792	0.02425274	0.007594863	0.003966428	0.002379586	0.002177734	NA
22	0.573037	0.3483512	0.2404381	0.2205725	0.2184416	0.2198395	0.2217395	0.218887	0.2197779	0.2209105	0.2124803	0.167605	0.1520157	0.1351766	0.1148755	0.05855169	0.03673157	0.02358797	0.007556872	0.003958829	0.002373946	0.002171819
23	0.8268302	0.4056078	0.3347312	0.2330502	0.2134457	0.2116648	0.2131058	0.2150278	0.2122223	0.213174	0.2143534	0.2063478	0.1619392	0.1469104	0.1307363	0.1112234	0.05590678	0.03542836	0.02276987	0.007338526	0.003843067	0.002295086
24	0.8546433	0.7695914	0.3469197	0.2737061	0.2263232	0.2063795	0.2082637	0.2095201	0.2113466	0.2120197	0.2129701	0.2141474	0.2061399	0.1617278	0.1468215	0.130656	0.1111536	0.05585004	0.03537995	0.02274557	0.007319929	0.003832495
25	0.8255891	0.8139237	0.7273807	0.303965	0.2305275	0.1813366	0.1857406	0.1865155	0.1868127	0.1872285	0.1863002	0.185483	0.1849543	0.1747725	0.1616541	0.1467505	0.130601	0.1111214	0.05582811	0.03536386	0.02273269	0.007312756
26	0.8398643	0.8132192	0.801292	0.7143232	0.2905033	0.2168142	0.1782767	0.1825292	0.1852374	0.1854694	0.1858295	0.1852454	0.184362	0.1837566	0.1734852	0.1602599	0.1466861	0.1305417	0.1110682	0.0557818	0.03532152	0.02271595
27	0.8657322	0.8347224	0.8096855	0.7979961	0.7110399	0.2878934	0.2142893	0.175777	0.1803681	0.1829787	0.1832968	0.1835492	0.1828447	0.181862	0.1813341	0.1710271	0.1596843	0.1461215	0.1301732	0.1108782	0.05565513	0.03524021
28	0.9257618	0.8587905	0.8277064	0.8088319	0.7972244	0.7103055	0.2872785	0.2138043	0.1754335	0.1800125	0.1826432	0.182955	0.1832169	0.1825446	0.1815582	0.1810252	0.1707252	0.1593891	0.1459071	0.1299762	0.1107013	0.05550191
29	0.503943	0.4480687	0.3860425	0.3425679	0.3087659	0.2808532	0.2459966	0.1940084	0.1240578	0.0899375	0.09105243	0.09132433	0.09063243	0.09002976	0.08915764	0.08814999	0.08730185	0.08291608	0.07828324	0.07266023	0.06612686	0.05814163
30	0.4460557	0.4007623	0.3581473	0.2961541	0.251685	0.2158116	0.1861872	0.1487149	0.09686721	0.06243716	0.03109122	0.02979723	0.02847258	0.02720028	0.02613931	0.02533192	0.02454998	0.02374259	0.02399694	0.02459203	0.02520941	0.02614462
31	0.468057	0.4301736	0.3957977	0.3538029	0.2925095	0.2482423	0.2125999	0.1831795	0.1459114	0.0943344	0.06064807	0.02966964	0.02833674	0.02699372	0.0257072	0.02463327	0.0238159	0.0230238	0.02220002	0.02249946	0.02314132	0.02381427
32	0.7882825	0.4378652	0.4087569	0.3759034	0.3356738	0.278968	0.2374702	0.2044327	0.1763863	0.1405462	0.09045778	0.05822594	0.02862875	0.02737055	0.02611359	0.02489786	0.02389761	0.02314834	0.02242167	0.02166715	0.02199365	0.02265598
33	0.8101244	0.7259693	0.3952325	0.3654054	0.3375813	0.3032977	0.246968	0.2054262	0.1724459	0.1435108	0.1129717	0.08203681	0.05005058	0.02039886	0.01875039	0.01707243	0.0153782	0.01384973	0.01249164	0.01106648	0.009503489	0.008917661
34	0.6042377	0.5190254	0.4422493	0.2007208	0.180551	0.168574	0.1502667	0.1265889	0.1118881	0.09584	0.07996569	0.06300353	0.04590419	0.02894569	0.012696	0.01183106	0.01092919	0.009921164	0.009074436	0.008306277	0.007489351	0.006576671
35	0.605198	0.5388665	0.4699948	0.3937341	0.1758911	0.1560819	0.149382	0.131966	0.1115701	0.09913747	0.08707068	0.0727567	0.0574523	0.04199769	0.02666388	0.01196735	0.011204	0.01040734	0.009482998	0.008719175	0.008036379	0.007294562
36	0.6092102	0.5624154	0.5083328	0.4416624	0.3671793	0.1625249	0.1426188	0.1360781	0.128139	0.1086845	0.0967624	0.08502983	0.0712058	0.05621162	0.04106786	0.0260394	0.01163547	0.01088364	0.01009698	0.009177477	0.00841623	0.007731647
37	0.9026496	0.5777774	0.5325224	0.4787821	0.4125016	0.3380487	0.1531266	0.1402367	0.1336786	0.1275536	0.1081708	0.09639844	0.08469563	0.07090201	0.05595017	0.04083485	0.02583339	0.01145356	0.01070017	0.009906233	0.009155034	0.00839492
38	0.9090723	0.8711323	0.5726855	0.5278571	0.4743658	0.4088232	0.3343958	0.1514957	0.1386926	0.1322769	0.1262795	0.1071713	0.09561234	0.08404992	0.07036758	0.05553206	0.0405353	0.02565099	0.0113822	0.01063529	0.009847812	0.009102116
39	0.673148	0.638693	0.622742	0.4219586	0.3928111	0.3461007	0.3390832	0.2670859	0.1128553	0.1036126	0.0990285	0.09453182	0.08033897	0.0719557	0.06463794	0.05429988	0.04309718	0.03173233	0.02042719	0.009571797	0.009042726	0.00847063
40	0.1640612	0.1518001	0.1342685	0.12591	0.09608002	0.0822702	0.07617579	0.07224028	0.06928264	0.01687513	0.01555205	0.01495089	0.01365655	0.01210463	0.01121426	0.01050968	0.009464681	0.008383852	0.007106635	0.005824721	0.004540364	0.004629739
41	0.09169539	0.07439891	0.06867277	0.05684593	0.05289036	0.04772783	0.04670357	0.04671579	0.04549693	0.04586916	0.005563483	0.005155021	0.005013819	0.004112565	0.004052793	0.004049841	0.004110791	0.004141068	0.004222792	0.004117202	0.004000486	0.003830603
42	0.8380864	0.08801528	0.07312988	0.06749642	0.05574189	0.05189672	0.04690154	0.04595468	0.04633779	0.04515262	0.04556802	0.005425627	0.005039646	0.004903304	0.004007889	0.003964082	0.003971196	0.004040294	0.004082083	0.004176807	0.004083801	0.003979553
43	0.04855856	0.03353202	0.01716371	0.01353617	0.01092445	0.01041979	0.009698784	0.008996939	0.008683643	0.008793557	0.008569518	0.008648037	0.001045131	0.0009780602	0.0009520083	0.0007831103	0.000770959	0.000768173	0.0007783095	0.0007837919	0.0007991017	0.0007788944
44	0.002692734	0.002256181	0.002218273	0.001209252	3.950467e-05	3.433313e-05	3.242673e-05	2.992287e-05	2.770655e-05	2.702434e-05	2.735034e-05	2.635439e-05	2.659606e-05	3.213713e-06	3.00999e-06	2.924909e-06	2.40723e-06	2.364507e-06	2.355381e-06	2.387554e-06	2.406875e-06	2.455664e-06
45	0.005226603	0.001111341	0.001026661	0.001017662	4.84628e-05	6.581636e-06	5.896775e-06	5.608257e-06	5.210469e-06	4.815197e-06	4.706278e-06	4.760168e-06	4.630532e-06	4.675412e-06	5.630348e-07	5.267359e-07	5.128496e-07	4.223067e-07	4.129745e-07	4.112578e-07	4.17371e-07	4.217476e-07
46	0.007049066	0.0009683	6.288886e-05	3.122409e-05	2.597898e-05	4.554088e-06	1.557581e-06	1.434412e-06	1.368446e-06	1.275219e-06	1.182068e-06	1.160551e-06	1.167059e-06	1.13734e-06	1.148471e-06	1.425362e-07	1.30304e-07	1.269626e-07	1.048769e-07	1.025165e-07	1.021006e-07	1.036146e-07
47	0.0002041422	4.57361e-05	9.047888e-06	5.807156e-07	3.453005e-07	2.809547e-07	2.767527e-08	1.096284e-08	1.010975e-08	9.664101e-09	9.054997e-09	8.441694e-09	8.321245e-09	8.304191e-09	8.117697e-09	8.207496e-09	1.32097e-09	1.258494e-09	1.216286e-09	1.084176e-09	1.04085e-09	1.038618e-09
48	0.01413928	0.0001217797	2.782904e-05	4.276146e-06	2.341518e-07	8.785514e-08	6.429886e-08	1.282324e-08	6.999277e-09	6.486855e-09	6.240709e-09	5.857698e-09	5.463796e-09	5.383828e-09	5.340411e-09	5.223049e-09	5.27792e-09	6.986739e-10	6.433406e-10	6.295125e-10	5.365734e-10	5.273996e-10
49	0.002621171	0.0003450171	3.135134e-06	7.840905e-07	1.966426e-07	1.43888e-08	4.178678e-09	3.029455e-09	7.32859e-10	5.116027e-10	4.87453e-10	4.861315e-10	4.872476e-10	4.762495e-10	4.838078e-10	4.562777e-10	4.620598e-10	4.710493e-10	9.008177e-11	8.739937e-11	8.856568e-11	8.938032e-11
50	0.01680256	0.000964339	0.0002607921	2.38839e-06	5.952115e-07	1.458237e-07	1.230515e-08	3.109116e-09	2.171925e-09	6.420647e-10	4.770325e-10	4.571002e-10	4.568937e-10	4.592951e-10	4.508e-10	4.585913e-10	4.321188e-10	4.384106e-10	4.471699e-10	8.516847e-11	8.281668e-11	8.41323e-11
51	0.05151043	0.01417933	0.0008448847	0.0002275262	2.092846e-06	5.263298e-07	1.332639e-07	1.139776e-08	2.906165e-09	2.018039e-09	6.114648e-10	4.594941e-10	4.414115e-10	4.442553e-10	4.469105e-10	4.388129e-10	4.466166e-10	4.21795e-10	4.281422e-10	4.368111e-10	8.303001e-11	8.100536e-11
52	0.4973843	0.05070218	0.01395762	0.0008321034	0.0002241626	2.062266e-06	5.186599e-07	1.316068e-07	1.132332e-08	2.880863e-09	2.000123e-09	6.081654e-10	4.577531e-10	4.398399e-10	4.427023e-10	4.454397e-10	4.374553e-10	4.452544e-10	4.204826e-10	4.2684e-10	4.35491e-10	8.27604e-11
53	0.491155	0.0240371	0.008271839	0.003330387	0.0001474319	5.635929e-05	5.195836e-07	1.305269e-07	3.295015e-08	4.156724e-09	9.723974e-10	6.112122e-10	2.640019e-10	2.05933e-10	1.928956e-10	1.942438e-10	1.963358e-10	1.937665e-10	1.97505e-10	1.81182e-10	1.848783e-10	1.88557e-10
54	0.05925784	0.05688828	0.003083689	0.001201224	0.0004900918	2.172377e-05	8.574751e-06	7.99573e-08	2.02995e-08	5.316694e-09	7.486888e-10	1.836305e-10	1.315466e-10	7.979473e-11	4.343357e-11	2.948332e-11	2.85696e-11	2.872731e-11	2.664415e-11	2.70661e-11	2.645004e-11	2.698534e-11
55	0.01094367	0.005185472	0.004566834	0.0006639237	0.0003036851	0.0001344029	6.01794e-06	2.533133e-06	2.386731e-08	5.944516e-09	1.419304e-09	1.899756e-10	5.088247e-11	3.82184e-11	2.616173e-11	2.359877e-11	9.542031e-12	8.367578e-12	8.336072e-12	6.513068e-12	6.54998e-12	6.294504e-12
56	0.004539482	0.001423245	0.0008011371	0.0007098822	0.0001179691	6.747854e-05	3.412896e-05	1.811733e-06	8.316916e-07	8.098267e-09	1.921907e-09	3.395674e-10	2.746237e-11	9.16168e-12	7.504997e-12	5.981705e-12	4.035441e-12	3.891713e-12	2.688001e-12	2.602885e-12	8.137329e-13	7.559197e-13
57	0.004171922	0.0006107878	0.0002264043	0.000137888	0.0001021117	5.568581e-05	3.646082e-05	1.997928e-05	1.14261e-06	5.397051e-07	5.304428e-09	1.23345e-09	1.844196e-10	7.728344e-12	4.30727e-12	4.078086e-12	3.844344e-12	1.967854e-12	2.013228e-12	2.055692e-12	1.969091e-12	1.995783e-13
58	0.008432476	0.001497358	0.0002713758	0.0001261946	9.108266e-05	6.38065e-05	4.821814e-05	3.22897e-05	1.808485e-05	1.063385e-06	5.055322e-07	4.984258e-09	1.151899e-09	1.629502e-10	2.44198e-12	1.740216e-12	1.70668e-12	1.703082e-12	1.740773e-12	1.782668e-12	1.821152e-12	1.868839e-12
59	0.009760213	0.002995476	0.0005338541	9.59448e-05	4.398936e-05	3.14253e-05	2.184798e-05	1.648443e-05	1.096806e-05	6.051884e-06	2.987417e-07	1.26222e-07	1.186394e-09	2.723619e-10	4.026879e-11	2.026764e-12	1.683893e-12	1.685397e-12	1.691245e-12	1.729453e-12	1.772654e-12	1.818492e-12
60	0.0255345	0.00632887	0.002046472	0.0003644095	6.519348e-05	2.981942e-05	2.124745e-05	1.471352e-05	1.108678e-05	7.359163e-06	4.035069e-06	2.034789e-07	8.211769e-08	7.754803e-10	1.767319e-10	2.552815e-11	4.063959e-13	1.319942e-13	1.092031e-13	8.653165e-14	8.661583e-14	8.82888e-14
61	0.01679514	0.005190438	0.001651383	0.0005395611	9.542115e-05	1.623301e-05	6.901455e-06	4.617627e-06	3.051516e-06	2.257694e-06	1.441156e-06	7.13533e-07	2.848845e-08	1.176211e-08	1.020026e-10	2.366752e-11	3.94349e-12	2.38297e-13	4.914694e-14	3.366358e-14	1.40819e-14	1.320816e-14
62	0.01559682	0.004950654	0.002553137	0.0008499176	0.0002780364	4.869803e-05	7.789576e-06	2.982307e-06	1.794546e-06	1.082191e-06	7.687959e-07	4.480557e-07	1.618368e-07	5.306908e-09	2.2495e-09	2.086943e-11	5.265829e-12	1.334326e-12	2.033986e-13	3.726547e-14	2.398627e-14	6.20114e-15
63	0.03814815	0.015385	0.004893457	0.002535931	0.0008443507	0.000276202	4.837394e-05	7.734234e-06	2.958394e-06	1.778611e-06	1.071326e-06	7.60656e-07	4.427259e-07	1.589984e-07	5.210738e-09	2.209943e-09	2.052752e-11	5.186813e-12	1.321524e-12	2.020204e-13	3.691271e-14	2.377402e-14
64	0.04880211	0.02087097	0.009440809	0.002560143	0.00121719	0.0004191737	0.0001354331	2.339649e-05	3.467573e-06	1.135833e-06	5.677622e-07	3.421895e-07	2.456432e-07	1.497505e-07	6.42401e-08	2.711879e-09	1.184844e-09	1.174987e-11	3.18309e-12	1.01881e-12	1.867151e-13	2.986389e-14
65	0.9236412	0.04114508	0.0180101	0.00808297	0.001999281	0.0009072334	0.000314607	0.0001016156	1.74037e-05	2.450794e-06	7.052155e-07	2.835031e-07	1.715956e-07	1.257951e-07	8.153705e-08	4.213841e-08	2.124114e-09	9.438075e-10	9.605942e-12	2.645039e-12	8.808429e-13	1.284563e-13
66	0.938253	0.9026719	0.02424144	0.00651824	0.002699343	0.0009040448	0.0004430763	0.0001546818	5.082091e-05	8.807604e-06	1.308406e-06	4.206008e-07	2.05331e-07	1.299165e-07	9.75438e-08	6.41743e-08	3.442534e-08	1.835075e-09	8.228229e-10	8.507823e-12	2.37292e-12	8.157248e-13
67	0.9307128	0.9000141	0.8987512	0.02172929	0.004789915	0.001823576	0.0005875387	0.0002708814	9.399461e-05	3.080431e-05	5.375572e-06	8.465989e-07	3.128082e-07	1.834175e-07	1.196383e-07	9.016481e-08	5.964669e-08	3.243839e-08	1.756258e-09	7.892534e-10	8.205142e-12	2.301569e-12
68	0.6703311	0.6703475	0.6670156	0.6702764	0.01679789	0.003837152	0.00144391	0.0004584011	0.0002019635	7.054151e-05	2.315925e-05	4.029489e-06	6.246192e-07	2.238763e-07	1.2723e-07	8.569695e-08	6.473163e-08	4.302424e-08	2.366821e-08	1.24649e-09	5.432203e-10	5.37323e-12
69	0.694121	0.6484692	0.6498676	0.6505387	0.6552386	0.01565649	0.003217906	0.001130053	0.0003248547	0.000131936	4.581936e-05	1.494111e-05	2.600228e-06	4.103658e-07	1.542141e-07	9.277092e-08	6.299379e-08	4.757414e-08	3.161739e-08	1.739253e-08	8.635087e-10	3.551872e-10
70	0.6592936	0.4714755	0.45031	0.4520551	0.4531972	0.4569818	0.01108446	0.002381622	0.0008312	0.0002204793	9.017335e-05	3.122809e-05	1.009801e-05	1.744199e-06	2.64169e-07	9.191128e-08	5.052645e-08	3.379737e-08	2.547805e-08	1.688961e-08	9.234988e-09	4.574741e-10
71	0.06914224	0.03790189	0.02941964	0.02601828	0.02472566	0.02207487	0.02105457	0.002170317	0.00126052	0.0005567338	0.0001235163	5.300839e-05	1.831236e-05	5.826116e-06	9.870624e-07	1.318682e-07	3.328049e-08	9.502078e-09	5.295602e-09	3.892666e-09	2.480947e-09	1.226332e-09
72	0.7031986	0.063057	0.03330538	0.02617544	0.02322321	0.02207743	0.01973221	0.0188361	0.002058969	0.001209904	0.0005328385	0.0001142991	4.875782e-05	1.681603e-05	5.341062e-06	9.031424e-07	1.191902e-07	2.892784e-08	7.161765e-09	3.75209e-09	2.739365e-09	1.725655e-09
73	0.1141953	0.1043715	0.03962993	0.0125764	0.008486544	0.006748356	0.005905968	0.003782118	0.002957143	0.001733006	0.001173654	0.000525767	0.0001117788	4.776464e-05	1.64774e-05	5.23301e-06	8.843237e-07	1.161331e-07	2.771602e-08	6.389247e-09	3.223432e-09	2.339789e-09
74	0.03157572	0.01467911	0.01268596	0.004259355	0.002281382	0.001657229	0.001315549	0.001134413	0.0008900628	0.0007531614	0.0003354573	0.0002238944	0.0001004307	2.185037e-05	9.035566e-06	3.119961e-06	9.913461e-07	1.675411e-07	2.215026e-08	5.399303e-09	1.370954e-09	7.235871e-10
75	0.1360395	0.01088578	0.003263612	0.002494804	0.001070317	0.0007231724	0.0005372442	0.0004308333	0.0003751965	0.0003142537	0.0002768009	5.79857e-05	3.621352e-05	1.637967e-05	3.995184e-06	1.378922e-06	4.754619e-07	1.516294e-07	2.582153e-08	3.566278e-09	9.8682e-10	3.663167e-10
76	0.1556084	0.1217965	0.007595198	0.001911809	0.001323662	0.000713783	0.0005323249	0.0004033056	0.000328397	0.0002894972	0.0002515462	0.0002268266	2.690404e-05	1.51859e-05	6.844189e-06	1.818598e-06	4.131626e-07	1.415892e-07	4.565253e-08	7.890769e-09	1.206017e-09	4.273087e-10
77	0.8666454	0.151786	0.1183943	0.007377499	0.001797673	0.001240209	0.0006858343	0.0005165136	0.0003922108	0.0003199894	0.0002826122	0.0002466686	0.0002231174	2.411321e-05	1.329648e-05	5.997419e-06	1.628575e-06	3.294236e-07	1.134215e-07	3.672062e-08	6.379424e-09	1.005919e-09
78	0.1001886	0.08822254	0.02599599	0.02233148	0.001158855	0.0005017304	0.0003316283	0.0002003595	0.0001460178	0.000109001	8.058665e-05	6.323461e-05	4.606917e-05	3.382411e-05	1.332432e-05	8.654388e-06	4.011858e-06	1.117077e-06	2.034333e-07	6.997025e-08	2.284568e-08	3.994064e-09
79	0.04932543	0.03588527	0.02647441	0.02227624	0.01989635	0.0008212934	0.0003390709	0.000227357	0.0001431029	0.0001078918	8.381055e-05	6.273789e-05	4.925596e-05	3.566411e-05	2.607863e-05	1.219013e-05	8.036359e-06	3.734193e-06	1.04583e-06	1.825997e-07	6.288541e-08	2.057821e-08
80	0.1157021	0.007698687	0.005839579	0.003372697	0.002377239	0.001836735	0.0001235558	6.577907e-05	4.778338e-05	3.276256e-05	2.605973e-05	2.000292e-05	1.53101e-05	1.184299e-05	8.036909e-06	5.099695e-06	2.470283e-06	1.605623e-06	7.409693e-07	2.035391e-07	2.926713e-08	9.989019e-09
81	0.01625548	0.009473636	0.002728002	0.001840432	0.0009736133	0.0004654792	0.0002195	4.783528e-05	3.327901e-05	2.603365e-05	1.928014e-05	1.619151e-05	1.229076e-05	9.478319e-06	7.137334e-06	4.47758e-06	2.366803e-06	8.359189e-07	5.096242e-07	2.310783e-07	6.293694e-08	8.805345e-09
82	0.02243807	0.008710163	0.003907952	0.002083136	0.001362282	0.0007036814	0.0002959192	9.307566e-05	3.995351e-05	2.929134e-05	2.328453e-05	1.752439e-05	1.488512e-05	1.127045e-05	8.741569e-06	6.554834e-06	4.056207e-06	2.065912e-06	6.605744e-07	3.926844e-07	1.766699e-07	4.783346e-08
83	0.822864	0.02209722	0.008549305	0.003800808	0.002060229	0.001346922	0.0006959964	0.0002920798	9.103195e-05	3.933246e-05	2.884319e-05	2.292329e-05	1.742137e-05	1.480778e-05	1.12095e-05	8.695755e-06	6.5215e-06	4.033839e-06	2.051709e-06	6.545068e-07	3.890118e-07	1.750028e-07
84	0.8239849	0.8204532	0.0211249	0.008164242	0.003628051	0.002002179	0.001318007	0.0006834663	0.0002866734	8.90081e-05	3.856575e-05	2.831449e-05	2.254577e-05	1.716699e-05	1.460833e-05	1.105128e-05	8.574763e-06	6.433533e-06	3.976209e-06	2.017851e-06	6.385348e-07	3.787347e-07
85	0.830957	0.8209602	0.8192057	0.02036238	0.007768678	0.003361474	0.001830861	0.00127335	0.0006694725	0.0002812014	8.588909e-05	3.61873e-05	2.606734e-05	2.035971e-05	1.503716e-05	1.249086e-05	1.085269e-05	8.418042e-06	6.316024e-06	3.902954e-06	1.981559e-06	6.288805e-07
86	0.9276035	0.8143465	0.8081309	0.8095954	0.01470028	0.00509376	0.001789526	0.001020362	0.0006031029	0.0003540078	0.0001813388	6.831526e-05	2.929304e-05	2.15484e-05	1.713681e-05	1.294686e-05	1.089653e-05	9.575084e-06	7.430635e-06	5.472051e-06	3.220283e-06	1.447089e-06
87	0.951615	0.9036003	0.8022378	0.8003383	0.8040504	0.01128615	0.003680303	0.001319514	0.0007377802	0.0004488752	0.0002495512	0.0001249957	4.605447e-05	1.819709e-05	1.283404e-05	9.782142e-06	6.908928e-06	5.510861e-06	4.602815e-06	3.450783e-06	2.47903e-06	1.424089e-06
88	0.2056084	0.1871076	0.1331706	0.02516618	0.01618603	0.01219304	0.008499133	0.002479336	0.0008448654	0.0004804629	0.0002901952	0.0001645557	8.163335e-05	2.920764e-05	9.926032e-06	6.40681e-06	4.43569e-06	2.589872e-06	1.703105e-06	1.121349e-06	7.437233e-07	5.310045e-07
89	0.09165472	0.08371732	0.078548	0.02838753	0.01003315	0.007430098	0.005512436	0.003455003	0.001573593	0.0005222923	0.0002960853	0.0001809334	0.0001018068	5.064678e-05	1.837639e-05	6.218271e-06	4.001892e-06	2.770242e-06	1.600918e-06	1.020086e-06	6.361569e-07	4.097846e-07
90	0.06952539	0.05978611	0.0580939	0.05714028	0.008917007	0.006151508	0.005038358	0.00398651	0.002529687	0.001069029	0.0003713174	0.0002180901	0.0001210789	8.141046e-05	4.197318e-05	1.58528e-05	5.329159e-06	3.424749e-06	2.369251e-06	1.355756e-06	8.468911e-07	5.087487e-07
91	0.07817483	0.06607432	0.05793464	0.0565703	0.05584153	0.007736342	0.005857041	0.004840777	0.003847428	0.00244015	0.00102209	0.0003406059	0.0002088913	0.0001139493	7.837283e-05	4.087741e-05	1.55686e-05	5.225992e-06	3.357431e-06	2.322115e-06	1.326653e-06	8.267297e-07
92	0.1577958	0.07502833	0.06397527	0.05759371	0.0563945	0.05569136	0.007607303	0.005774647	0.004784504	0.003805914	0.002414063	0.001011316	0.0003365222	0.0002066239	0.0001126439	7.755724e-05	4.045783e-05	1.540136e-05	5.163084e-06	3.312733e-06	2.287048e-06	1.300356e-06
93	0.9073734	0.1529363	0.07421688	0.06337324	0.0573902	0.05623482	0.05555155	0.007518896	0.005705379	0.004729543	0.003763444	0.002387631	0.001000506	0.0003328153	0.0002043346	0.0001113529	7.668804e-05	4.00477e-05	1.525427e-05	5.103247e-06	3.270965e-06	2.255952e-06
94	0.4137029	0.3268598	0.1042398	0.07368094	0.06306084	0.0571912	0.0560714	0.055406	0.007441925	0.00563987	0.004674857	0.003719782	0.002361053	0.0009881949	0.0003271808	0.0001999892	0.0001079127	7.357257e-05	3.966857e-05	1.512429e-05	5.05338e-06	3.238282e-06
95	0.3595879	0.3392044	0.2552947	0.05700925	0.02772236	0.01713219	0.01088834	0.009309249	0.008154217	0.007331437	0.005549069	0.004602244	0.003666356	0.002329299	0.0009753238	0.0003228463	0.0001972857	0.0001064015	7.249729e-05	3.913152e-05	1.497223e-05	4.995393e-06
96	0.4076568	0.3513157	0.3320621	0.248707	0.05484669	0.02652079	0.01617564	0.01004056	0.008500593	0.007375498	0.006570682	0.00540475	0.004484434	0.003573077	0.002270323	0.0009506709	0.0003147291	0.0001923366	0.0001037601	7.071313e-05	3.819506e-05	1.464983e-05
97	0.2807154	0.2170813	0.1962781	0.1832631	0.1706936	0.04995713	0.02442627	0.01464378	0.009326369	0.007892358	0.006842744	0.006092348	0.00498424	0.004203873	0.003350154	0.002127813	0.0008900013	0.0002939073	0.0001790192	9.574072e-05	6.474346e-05	3.416698e-05
98	0.512154	0.04354034	0.03290244	0.02620026	0.02367402	0.02209121	0.01357354	0.007994205	0.004456941	0.001841624	0.001584121	0.001409176	0.001283145	0.0007785434	0.0006394601	0.0005073593	0.0003201185	0.0001337889	4.434212e-05	2.682314e-05	1.443501e-05	9.795071e-06
99	0.03642041	0.03249329	0.01939245	0.01749188	0.01217986	0.01059866	0.009835828	0.005379491	0.004099289	0.003332629	0.001019369	0.0008909702	0.0008124268	0.0007576169	0.0003211569	0.0002543922	0.0001991089	0.0001253291	5.233347e-05	1.747045e-05	1.043131e-05	5.67574e-06
100	0.3462344	0.0337079	0.03016206	0.01832655	0.01719701	0.01191835	0.01036186	0.009614805	0.00525687	0.004037388	0.003303912	0.0009979204	0.000872778	0.0007965566	0.0007451611	0.0003103014	0.0002452278	0.0001917602	0.0001206525	5.037714e-05	1.681235e-05	1.002699e-05
101	0.4211907	0.3354815	0.03143761	0.02790373	0.01621742	0.01507592	0.009961697	0.009034934	0.008526379	0.005242727	0.004029018	0.003297794	0.0009940743	0.0008693448	0.0007942841	0.0007431058	0.000308722	0.0002439809	0.00019077	0.0001200209	5.010764e-05	1.672486e-05
102	0.9766002	0.4115604	0.3285335	0.03077221	0.02729298	0.01577263	0.01464389	0.009781436	0.008880664	0.00841554	0.005198729	0.004002379	0.003278269	0.0009803212	0.0008568647	0.0007863627	0.0007358778	0.0003038308	0.0002398505	0.0001874383	0.0001178848	4.918796e-05
103	0.9753812	0.9537947	0.4042821	0.3231949	0.02690488	0.02360231	0.01210687	0.01097665	0.00933714	0.008480661	0.008034143	0.005072768	0.003934302	0.003235149	0.0009528989	0.0008344274	0.0007678652	0.0007198055	0.0002925323	0.0002304631	0.0001801084	0.0001133003
104	0.6518446	0.640563	0.6266535	0.3367581	0.2961351	0.0187152	0.01714732	0.006359908	0.005598338	0.004260845	0.003826264	0.003556511	0.001561168	0.0009201066	0.0004292137	0.0003073503	0.0002297697	0.0001917371	0.000163281	0.0001403541	0.0001033745	7.911304e-05
105	0.07541097	0.06079088	0.05548522	0.0513663	0.02754657	0.01980954	0.005447642	0.004151347	0.003577189	0.003222675	0.002724988	0.002512836	0.002369253	0.0009900718	0.0005603006	0.0002769281	0.0001952389	0.000160055	0.0001334781	0.0001136736	9.690036e-05	8.047436e-05
106	0.270407	0.03510618	0.03037444	0.02760238	0.02555927	0.01265368	0.008539996	0.003034659	0.002284906	0.002060036	0.001939604	0.001538909	0.001400976	0.001323854	0.0006822341	0.0003903255	0.0001734203	0.0001192923	9.581219e-05	7.828961e-05	6.494724e-05	5.440375e-05
107	0.03903219	0.02335711	0.01555327	0.01305138	0.01174312	0.0107758	0.005853296	0.003911689	0.001719947	0.001478001	0.001416099	0.001372952	0.001037217	0.0009416308	0.0009034135	0.0004455622	0.0002546837	9.45083e-05	6.256895e-05	4.885469e-05	3.850331e-05	3.051965e-05
108	0.05862883	0.02346502	0.01915625	0.01246283	0.01028789	0.009168099	0.008481207	0.004619203	0.003061574	0.001187522	0.0009922869	0.0009353559	0.0008943647	0.0007307275	0.0006761978	0.000648986	0.000289353	0.0001675426	7.188712e-05	4.90564e-05	3.90777e-05	3.152719e-05
109	0.0692589	0.03673644	0.01556683	0.01210276	0.008551825	0.006743958	0.00581354	0.00528367	0.003106499	0.002112799	0.0006666032	0.000524502	0.0004784876	0.0004440683	0.000395628	0.0003706415	0.0003527896	0.0001561852	9.669282e-05	4.838235e-05	3.377186e-05	2.729238e-05
110	0.09651593	0.05655664	0.0300145	0.01219231	0.009102616	0.006969393	0.005459173	0.004685113	0.004273746	0.002478928	0.001654228	0.0004800526	0.0003662401	0.0003283917	0.0002993016	0.0002654569	0.0002486678	0.0002345043	0.0001279542	8.118036e-05	4.127576e-05	2.885487e-05
111	0.05400601	0.03704754	0.02420278	0.01620961	0.006118102	0.004177101	0.003157711	0.002542662	0.002292355	0.002086625	0.001192541	0.0008188237	0.0002503122	0.0001930562	0.0001736647	0.0001559958	0.0001432773	0.000135197	0.0001276851	7.641689e-05	5.114976e-05	2.73732e-05
112	0.06964518	0.04707813	0.03209291	0.02053201	0.0144353	0.005338861	0.003554914	0.002706248	0.002274698	0.002077307	0.001904832	0.001103693	0.0007614936	0.000227808	0.000174916	0.0001584834	0.0001470625	0.0001353178	0.0001278429	0.0001208261	7.313853e-05	4.917326e-05
113	0.3437809	0.06159276	0.04249767	0.03011851	0.01923316	0.013489	0.004874875	0.003239968	0.002563644	0.002182491	0.001999352	0.001834966	0.001066343	0.0007376659	0.000219935	0.000169145	0.0001533858	0.0001426498	0.0001313617	0.000124184	0.0001174153	7.124633e-05
114	0.3880814	0.3377534	0.05864732	0.03990972	0.02819535	0.01852597	0.01303205	0.004685716	0.003150429	0.002504434	0.002134684	0.001956087	0.001795289	0.001041491	0.0007214466	0.0002121182	0.0001625247	0.0001470263	0.0001364685	0.0001273829	0.0001208204	0.000114282
115	0.467504	0.3716031	0.3310949	0.05351191	0.03530001	0.02609062	0.01705297	0.01195609	0.004239347	0.002879861	0.002293157	0.00196105	0.001798122	0.001649991	0.0009665962	0.0006682764	0.0001979549	0.0001509442	0.0001366877	0.0001267306	0.0001194544	0.0001133383
116	0.4517774	0.3964881	0.3431807	0.3123738	0.03761495	0.021711	0.0160775	0.009965611	0.007012228	0.00300684	0.00223665	0.001843114	0.00159317	0.001465265	0.001343709	0.0007931746	0.000549454	0.0001663611	0.0001259618	0.0001137263	0.0001051083	9.909833e-05
117	0.4540704	0.3868687	0.3597989	0.3303661	0.3039014	0.03037414	0.01538127	0.01154235	0.006760957	0.004773926	0.002223867	0.001897572	0.001635407	0.001437823	0.001331201	0.001225803	0.0007340337	0.0005112058	0.0001501282	0.0001121518	0.0001006995	9.296607e-05
118	0.4180873	0.3996246	0.3552897	0.3339446	0.3062765	0.2814783	0.02812044	0.01370598	0.01020709	0.005835198	0.004198023	0.002044461	0.001810984	0.001579375	0.001395599	0.001295148	0.001194658	0.0007170747	0.0005008032	0.000144942	0.0001075203	9.620646e-05
119	0.4239492	0.4055641	0.3888232	0.347383	0.3271613	0.3035227	0.2795769	0.02670932	0.01295195	0.009627673	0.005433729	0.003913989	0.00193448	0.001722958	0.001506086	0.001333957	0.001239389	0.0011446	0.0006894215	0.0004826557	0.0001378627	0.000101956
120	0.1012078	0.06872688	0.06508904	0.06199066	0.03582242	0.02492155	0.02008402	0.01632741	0.008923274	0.0039756	0.002926543	0.001197572	0.0008174998	0.0003913533	0.0003253003	0.0002628504	0.0002244964	0.0002037351	0.0001842593	0.000116003	7.53787e-05	4.514193e-05
121	0.08301399	0.05254812	0.04365723	0.04136979	0.03868793	0.02495427	0.01783011	0.01443121	0.01188985	0.005206497	0.003705638	0.002704287	0.001036317	0.0007041241	0.0003349447	0.0002803092	0.0002333104	0.0002016241	0.0001839809	0.0001673247	0.0001068335	6.918871e-05
122	0.1570665	0.07353666	0.04425452	0.03617265	0.03396237	0.03198655	0.01831084	0.01136865	0.008126571	0.005667693	0.004048234	0.00264036	0.002386818	0.0009228202	0.0006473493	0.0002944871	0.0002407748	0.0001959352	0.0001660251	0.0001505583	0.0001345916	8.640266e-05
123	0.3739934	0.1136874	0.03848235	0.02445265	0.02177686	0.02064865	0.01893841	0.0120203	0.008127535	0.006275295	0.004311396	0.003086355	0.002461696	0.002238398	0.0008169592	0.0005733079	0.0002515522	0.0002096627	0.0001772822	0.0001522749	0.0001386604	0.0001249582
124	0.1854578	0.1306047	0.09374865	0.02881618	0.01788806	0.01605985	0.01512535	0.01367639	0.008560727	0.005694132	0.004235468	0.00257495	0.001755206	0.001241072	0.001014404	0.0007774286	0.0005470095	0.0002389765	0.0002025587	0.0001727418	0.0001487022	0.0001355515
125	0.3106434	0.1616665	0.1272251	0.09169239	0.02765229	0.01708298	0.01535	0.01443657	0.01313222	0.008152066	0.00533028	0.003920907	0.002489724	0.00169558	0.00119689	0.0009765093	0.0007453333	0.0005222934	0.0002201824	0.0001842779	0.0001550239	0.0001314895
126	0.4807055	0.1577939	0.1082187	0.08235815	0.05564223	0.02202768	0.0128706	0.01162394	0.01078917	0.01022759	0.00549191	0.003442798	0.002420254	0.001380631	0.0009143304	0.000628746	0.00052552	0.000405075	0.00026195	9.721857e-05	7.458279e-05	6.103544e-05
127	0.2638219	0.2252342	0.1377563	0.09441722	0.07513466	0.05117168	0.01879465	0.01033511	0.009268753	0.008574296	0.008102569	0.004533071	0.00296889	0.002091601	0.001223907	0.0008183211	0.0005705267	0.0004758182	0.0003644629	0.0002318145	8.060425e-05	6.292829e-05
128	0.3059438	0.2101786	0.1893549	0.1125116	0.0747322	0.05788892	0.04350529	0.0146686	0.007683076	0.00692351	0.006386596	0.006002958	0.003370098	0.002206857	0.001537585	0.0009781345	0.0006643347	0.0004669694	0.0003883695	0.0002938963	0.0001803184	5.384228e-05
129	0.6731721	0.2725921	0.1878989	0.1682481	0.09739094	0.06771726	0.05153711	0.03779913	0.01287002	0.006132654	0.005488618	0.00503533	0.004674025	0.002826139	0.001982098	0.001375632	0.0008623001	0.0005718028	0.0003906767	0.0003182396	0.0002321655	0.0001473683
130	0.3911541	0.3219314	0.2082575	0.1490039	0.1372672	0.0768829	0.06315011	0.04831935	0.03554656	0.0117672	0.005580817	0.005027507	0.004612293	0.004285	0.002528124	0.001731574	0.001193757	0.0007651497	0.0005054945	0.0003414919	0.0002768086	0.0002070136
131	0.3782075	0.2240621	0.1770288	0.0987211	0.05704269	0.04857736	0.03948036	0.02916657	0.01677652	0.01142495	0.005066694	0.002182259	0.00193383	0.001741158	0.001562416	0.00119035	0.0009754141	0.0006662457	0.0004125333	0.0002573408	0.0001617284	0.0001218023
132	0.2627179	0.2159222	0.159617	0.1398531	0.06991628	0.03371472	0.02687684	0.01934267	0.009613876	0.007491156	0.005042533	0.002823971	0.001178926	0.001034281	0.0009240077	0.0008114253	0.0007107568	0.0006278212	0.0004226996	0.0002550783	0.0001578067	9.871282e-05
133	0.3200955	0.1927414	0.1554542	0.1308846	0.1145931	0.06062521	0.0257529	0.02153028	0.01435461	0.00902946	0.007190038	0.004882602	0.002748002	0.001142594	0.001003971	0.000896396	0.0007864763	0.000689599	0.0006092306	0.0004093117	0.0002481398	0.0001534178
134	0.4437729	0.2018883	0.1072903	0.07784983	0.0627594	0.05181562	0.01982889	0.01349603	0.01132434	0.007061083	0.004470599	0.003566089	0.0024164	0.001365136	0.0005726278	0.0005041925	0.0004497322	0.0003950894	0.00034509	0.0003045759	0.0002052544	0.0001250196
135	0.6428044	0.4290835	0.1998727	0.1065541	0.07722187	0.06228716	0.05144217	0.01969752	0.01339572	0.01124742	0.007025639	0.004457608	0.003556094	0.002409537	0.001361359	0.0005709277	0.0005027383	0.0004484218	0.0003939261	0.0003440636	0.0003036613	0.0002046157
136	0.5158081	0.4451621	0.3009236	0.111275	0.05312296	0.04543363	0.03489601	0.02791378	0.01078879	0.007383469	0.0067271	0.002961607	0.001051261	0.0008347588	0.0005594423	0.0003144198	0.0001377396	0.0001220783	0.000110436	9.7699e-05	8.342609e-05	7.331682e-05
137	0.292236	0.2663092	0.248885	0.1076133	0.08714554	0.03840862	0.0324663	0.02502934	0.01934871	0.007398813	0.00569077	0.005474708	0.001872546	0.0002227709	0.0001717531	0.0001073767	6.150097e-05	2.962902e-05	2.633506e-05	2.409684e-05	2.182227e-05	1.658206e-05
138	0.3118167	0.2602924	0.2357961	0.2236346	0.08648026	0.07019332	0.03513428	0.02976499	0.02253609	0.01748076	0.006791731	0.005294493	0.005220469	0.001672556	0.0001115357	8.198506e-05	5.041704e-05	2.920638e-05	1.578791e-05	1.412115e-05	1.319527e-05	1.220911e-05
139	0.5094883	0.2875303	0.2576761	0.2342461	0.2223078	0.08548919	0.06946362	0.03471462	0.02946844	0.02233818	0.01733647	0.006745351	0.005262714	0.005192052	0.001661999	0.0001069121	7.89311e-05	4.848836e-05	2.809297e-05	1.528197e-05	1.368123e-05	1.280463e-05
140	0.7126776	0.4891965	0.2688113	0.2484991	0.229758	0.218445	0.08171994	0.06934689	0.03465617	0.02941514	0.02230275	0.01730549	0.006738273	0.005257728	0.005188039	0.001659011	0.0001066678	7.875571e-05	4.837353e-05	2.802635e-05	1.524699e-05	1.365082e-05
141	0.6925711	0.4537871	0.4078152	0.2250453	0.2071989	0.2020859	0.1975597	0.06254028	0.0533961	0.02715646	0.02308612	0.01618607	0.01225016	0.004230901	0.003196452	0.003170304	0.0003620993	2.772423e-05	2.037752e-05	1.29663e-05	8.428043e-06	6.345315e-06
142	0.3095491	0.2902172	0.2332169	0.2245574	0.2134874	0.1974636	0.1934342	0.1903992	0.0558258	0.04714436	0.02328558	0.01953781	0.01268868	0.009082697	0.001793203	0.0008438957	0.0008116928	0.000253725	1.812645e-05	1.352319e-05	8.600072e-06	6.101116e-06
143	0.2948344	0.2841255	0.2683734	0.2170173	0.2090791	0.2002669	0.1848372	0.1811416	0.1784772	0.05255487	0.04498207	0.02242084	0.0188267	0.01201398	0.008580342	0.001663653	0.000761897	0.0007340618	0.0002190734	1.515598e-05	1.131949e-05	7.26894e-06
144	0.768131	0.275674	0.270258	0.2550568	0.2087899	0.2014913	0.194122	0.178763	0.1752927	0.172847	0.04807267	0.04067452	0.0209918	0.01764412	0.01097918	0.007820874	0.001516361	0.0006938523	0.0006705843	0.0001918666	1.350359e-05	1.015076e-05
145	0.2934301	0.2640508	0.2331369	0.2303925	0.228596	0.1960463	0.1896447	0.1841959	0.1700431	0.1669308	0.1649497	0.04091995	0.03374327	0.01824167	0.01539547	0.00880137	0.00615451	0.0009659244	0.0002998457	0.0002834598	0.000127103	9.948676e-06
146	0.2913628	0.1192447	0.09823497	0.08681615	0.08473332	0.0843583	0.06451619	0.05854743	0.05402166	0.04141622	0.0384563	0.03663504	0.0353644	0.02829845	0.01619898	0.01381864	0.007293748	0.00505723	0.0007668666	0.0002162857	0.0002017122	0.0001052807
147	0.2785069	0.2707781	0.1041906	0.08437505	0.07583733	0.074585	0.07425323	0.05515504	0.04980362	0.0455399	0.03294531	0.03004337	0.02960966	0.02841882	0.02696526	0.01570779	0.01342865	0.006921555	0.004788376	0.0007257618	0.0002032338	0.0001890104
148	0.2920653	0.2526885	0.2473509	0.08906382	0.06980124	0.06168728	0.06054488	0.06028383	0.04147095	0.03615051	0.03194171	0.0313844	0.02848791	0.02805782	0.02690753	0.02546743	0.01466986	0.01335827	0.006853862	0.00473913	0.0007179259	0.00020029
149	0.4871539	0.2687802	0.2354604	0.230513	0.07981784	0.06430163	0.0575444	0.05644534	0.05620091	0.03849009	0.03324094	0.02936075	0.02881125	0.02829426	0.02788756	0.02674256	0.02535883	0.0146157	0.01331052	0.006825717	0.004717639	0.000714235
150	0.1685516	0.1404728	0.1119926	0.10908	0.1073391	0.02103339	0.01868475	0.01819705	0.01796545	0.01791719	0.01202052	0.01123874	0.009601861	0.009494312	0.009176728	0.009067072	0.008566001	0.008200093	0.004290798	0.003790018	0.003711934	0.00245424
151	0.09587586	0.0948383	0.09216257	0.09100757	0.08996366	0.08837403	0.009610506	0.008146577	0.007961111	0.007842158	0.007818759	0.005603471	0.005220541	0.004398972	0.004327018	0.004070788	0.003995587	0.003777761	0.003524332	0.001865354	0.001650034	0.001611313
152	0.03308901	0.02135759	0.02055413	0.01824495	0.01744628	0.01646234	0.01590089	0.004768941	0.004256214	0.004119644	0.004059718	0.004047906	0.002781598	0.002559906	0.002091804	0.002056877	0.002016401	0.001961188	0.001864379	0.001695582	0.0009946821	0.0009023377
153	0.07722604	0.01981237	0.01521244	0.01493776	0.01386964	0.01364522	0.01347464	0.0129533	0.002922143	0.002562308	0.002465388	0.002431764	0.002424623	0.001667886	0.001515941	0.00123816	0.001216284	0.001188266	0.001179848	0.001135103	0.001017654	0.0005743576
154	0.7181822	0.04168528	0.01504665	0.0126307	0.01245158	0.01229262	0.012169	0.01201791	0.01149999	0.001586698	0.001257213	0.001175067	0.00115678	0.001152085	0.0008499219	0.0007543067	0.0006459669	0.0006257038	0.0006010001	0.0005946111	0.0005691629	0.0004565604
155	0.9245013	0.7210079	0.03925788	0.01456424	0.01219271	0.0120164	0.01185995	0.01174315	0.01159142	0.0115052	0.001551147	0.00122023	0.001138154	0.001120387	0.001115753	0.0008241572	0.000730296	0.0006259637	0.0006058551	0.000583223	0.0005769519	0.0005522158
156	0.9739523	0.9000135	0.7113829	0.02425523	0.005990826	0.00391716	0.003762007	0.003619536	0.003515744	0.003364753	0.00334507	0.001322735	0.001120517	0.001040964	0.001024025	0.001019537	0.0007383459	0.0006890598	0.0005887013	0.0005688576	0.0005513867	0.0005462778
157	0.9237583	0.9173188	0.8453947	0.7149291	0.02284055	0.005419701	0.003580379	0.003440602	0.003310379	0.003214542	0.003114985	0.003099304	0.001199581	0.001013108	0.0009584126	0.0009435657	0.000939505	0.000684205	0.0006389742	0.0005481794	0.0005312583	0.0005174006
158	0.9319585	0.9056257	0.9030692	0.8414134	0.7187512	0.02104992	0.005183256	0.003478924	0.003348343	0.003230262	0.003139981	0.003040925	0.003026318	0.001122817	0.0009360366	0.0008820765	0.0008679956	0.000864066	0.0006250659	0.0005819221	0.0004967748	0.0004799663
159	0.9396697	0.878541	0.8617249	0.8596158	0.7996016	0.7212528	0.0179248	0.002688225	0.001226455	0.001180479	0.001100686	0.001062163	0.001031729	0.001026318	0.000899258	0.0007776276	0.00072868	0.0007158767	0.0007121937	0.0004997578	0.0004610563	0.0003829586
160	0.1591885	0.1574627	0.1111748	0.1037066	0.1024442	0.08004925	0.0151377	0.01457207	0.002287746	0.001005795	0.0009718312	0.0009098809	0.0008749976	0.0008479331	0.0008446511	0.0007465225	0.0006837266	0.0006406004	0.0006288686	0.0006253864	0.0004354932	0.0004002864
161	0.1032565	0.08355268	0.08289631	0.07099979	0.06736912	0.06633854	0.05571072	0.006983526	0.006464593	0.00209272	0.0009078949	0.0008771321	0.0008211127	0.0007883054	0.0007621753	0.0007592228	0.0006617011	0.0006041932	0.0005628651	0.0005518892	0.0005490924	0.0003786915
162	0.08678374	0.07615006	0.05874296	0.05833698	0.05194425	0.05110263	0.05010918	0.04189519	0.005774096	0.005293064	0.001490724	0.000733256	0.0007060468	0.000657112	0.0006280095	0.0006039338	0.0006016548	0.0005136263	0.0004599261	0.0004211322	0.000414829	0.0004133295
163	0.08841676	0.06807353	0.06112298	0.04414461	0.04382287	0.04048718	0.03987809	0.03917518	0.03279865	0.003913073	0.003447949	0.001304374	0.0006426842	0.0006181293	0.0005742769	0.0005471579	0.0005237754	0.0005217617	0.0004342303	0.0003815127	0.0003434557	0.0003378812
164	0.7864716	0.06778007	0.05684394	0.05385625	0.03940198	0.03908558	0.0358562	0.03533146	0.0346297	0.02834858	0.003428434	0.002978949	0.001040732	0.0004960415	0.0004732202	0.0004325476	0.0004078131	0.0004035497	0.0004023059	0.0003656892	0.0003270086	0.0002898153
165	0.2596444	0.2579111	0.05106313	0.0481284	0.04622822	0.03215114	0.03189898	0.029051	0.02880694	0.02842648	0.02233524	0.002316959	0.002109296	0.000639464	0.0002445782	0.0002280699	0.0002176279	0.0001965371	0.0001935864	0.0001928397	0.0001606932	0.0001522849
166	0.1736061	0.1629525	0.1620964	0.0449242	0.04326255	0.04193082	0.02784806	0.02759667	0.02479388	0.02462319	0.02426316	0.01822574	0.001749581	0.001662453	0.0004791553	0.0001639941	0.0001501751	0.0001433171	0.000126763	0.0001243456	0.0001238044	9.223608e-05
167	0.1907809	0.1543381	0.1477601	0.1471557	0.03797361	0.03694623	0.03565737	0.02149121	0.0213823	0.02023765	0.02011871	0.01987165	0.01441624	0.001429769	0.001371792	0.0003938601	0.0001234643	0.0001115693	0.0001065966	9.082347e-05	8.903885e-05	8.861117e-05
168	0.2940701	0.1459421	0.1322495	0.1273584	0.1269211	0.02381016	0.02302384	0.02204981	0.01920414	0.01909487	0.01794832	0.01784896	0.01760259	0.01214231	0.001197416	0.001151611	0.0003233416	9.038442e-05	7.922726e-05	7.58287e-05	6.064683e-05	5.914462e-05
169	0.2557678	0.1980526	0.1292647	0.1209414	0.1173561	0.1170093	0.02221764	0.0215652	0.02108175	0.01822608	0.01811629	0.0169677	0.01688146	0.01663695	0.01114935	0.001060812	0.001034899	0.0002852021	7.078987e-05	6.01223e-05	5.755935e-05	4.448986e-05
170	0.8434783	0.2292123	0.1870752	0.1217407	0.1143647	0.1120366	0.1118458	0.01714031	0.01659223	0.01612425	0.01325061	0.01323276	0.01313345	0.01309909	0.01303198	0.008591922	0.0008391347	0.0008205031	0.000275279	6.510723e-05	5.532887e-05	5.303904e-05
171	0.2951145	0.2609108	0.2014536	0.1749778	0.1139515	0.1083868	0.1065341	0.1064066	0.01241117	0.01191012	0.01147535	0.0113981	0.01138025	0.0112875	0.01126085	0.01119372	0.006725167	0.0008098645	0.0007966766	0.0002622078	6.20985e-05	5.234068e-05
172	0.2107101	0.1782169	0.1554165	0.1031036	0.08113747	0.02402213	0.01877042	0.01723437	0.01711489	0.01130107	0.01081335	0.01045537	0.01038001	0.01036204	0.01027051	0.01024709	0.01017952	0.005673705	0.000799882	0.0007895686	0.0002586991	5.883457e-05
173	0.1584949	0.1205852	0.1063505	0.09976225	0.08795077	0.07071138	0.01374952	0.008860117	0.008159275	0.008100807	0.00327399	0.003144056	0.002813429	0.002740135	0.00273998	0.002733985	0.002729783	0.002719711	0.001455493	0.0002783492	0.0002763466	0.000249451
174	0.256252	0.1328951	0.1108386	0.1008015	0.09624393	0.08606903	0.06946714	0.0122625	0.007444034	0.006862089	0.006810432	0.002127596	0.002004618	0.001981536	0.001956858	0.001956713	0.001951244	0.001948274	0.001938129	0.000662452	0.0002568047	0.0002552198
175	0.1619713	0.1129641	0.06963637	0.05128238	0.04337897	0.04005712	0.03004941	0.01352749	0.01170049	0.006855504	0.006361741	0.006318031	0.001799784	0.001718769	0.001707786	0.001705969	0.001705826	0.001700629	0.001698122	0.001687895	0.0004002933	6.763466e-05
176	0.1502779	0.1067055	0.08077265	0.05185562	0.04025353	0.03774987	0.03702287	0.02737786	0.01125609	0.009550086	0.005287286	0.004842398	0.004803741	0.000433791	0.0003622091	0.0003529845	0.0003513979	0.0003513362	0.0003471517	0.0003450988	0.0003448401	0.0003436758
177	0.1987432	0.0954026	0.07949596	0.06812716	0.0497517	0.03919108	0.03701895	0.036556	0.02691435	0.01078497	0.009189524	0.004901614	0.004582559	0.004544356	0.0001659309	9.580079e-05	8.702435e-05	8.578027e-05	8.572275e-05	8.166705e-05	7.971694e-05	7.947294e-05
178	0.3255662	0.1648957	0.08876593	0.0773402	0.06718982	0.04951469	0.03892981	0.03719038	0.03673802	0.02701164	0.01077065	0.009172517	0.004844419	0.004527489	0.004494567	0.0001619019	9.300209e-05	8.422595e-05	8.298782e-05	8.293014e-05	7.884545e-05	7.739368e-05
179	0.3369346	0.1454905	0.08435921	0.05426995	0.0507762	0.04470863	0.03827314	0.03604206	0.03520283	0.03504363	0.02537486	0.009698214	0.008892444	0.004634996	0.00434931	0.004325515	0.0001193733	5.605402e-05	5.331365e-05	5.285342e-05	5.281997e-05	5.167435e-05
180	0.2119101	0.169886	0.08175906	0.040071	0.02082357	0.01839448	0.01720023	0.01244751	0.01103528	0.01079754	0.01070042	0.001079256	0.0005941388	0.0003411696	0.0002030658	0.0001787302	0.0001766525	1.881229e-05	1.525055e-05	1.383304e-05	1.355883e-05	1.354332e-05
181	0.2951826	0.1416502	0.1134416	0.05597167	0.0226911	0.007888594	0.00616105	0.005484567	0.001759845	0.0008733216	0.0007130649	0.0006402992	0.0004088639	0.0002382924	8.18491e-05	4.152283e-05	3.163361e-05	3.067073e-05	1.17548e-05	1.048382e-05	9.465049e-06	9.259549e-06
182	0.2370689	0.2008962	0.1178738	0.09533712	0.04679705	0.01853915	0.006785181	0.005369156	0.004816224	0.001507942	0.0007455254	0.0006168342	0.0005527573	0.0003505857	0.0002028964	6.963352e-05	3.463451e-05	2.61214e-05	2.530623e-05	9.915238e-06	8.803656e-06	7.924672e-06
183	0.6894434	0.2062961	0.1720826	0.1040041	0.0827189	0.04096564	0.01732065	0.006658547	0.005323399	0.004773204	0.001508566	0.0007451078	0.0006172084	0.0005536727	0.0003505513	0.000202809	6.913436e-05	3.408485e-05	2.554684e-05	2.472946e-05	9.904687e-06	8.79064e-06
184	0.3624071	0.08219575	0.06147216	0.06051394	0.02788245	0.02102813	0.01079854	0.003650733	0.00188371	0.001638952	0.001615808	0.0001148653	5.477154e-05	4.392488e-05	3.090132e-05	1.394728e-05	7.668357e-06	3.810166e-06	2.568386e-06	2.296352e-06	2.275911e-06	1.079475e-06
185	0.328402	0.3238868	0.06422467	0.04589388	0.04519417	0.01951323	0.01605454	0.008288957	0.003061073	0.001762694	0.001563501	0.00154475	9.122529e-05	3.689856e-05	2.895882e-05	1.671543e-05	8.167167e-06	4.559118e-06	2.161413e-06	1.448236e-06	1.319199e-06	1.309016e-06
186	0.2938473	0.2801655	0.277148	0.05272582	0.03685159	0.03628189	0.01573331	0.0129657	0.006878282	0.002728185	0.001687211	0.00151593	0.001498751	7.972026e-05	3.069451e-05	2.393016e-05	1.224745e-05	6.482556e-06	3.662972e-06	1.667904e-06	1.110892e-06	1.025971e-06
187	0.3233202	0.2823575	0.2706385	0.2678884	0.04238091	0.02811349	0.02765697	0.01225306	0.0101485	0.005549217	0.002415193	0.001610632	0.00146534	0.001449757	7.279229e-05	2.705144e-05	2.131684e-05	1.0086e-05	5.069399e-06	3.406822e-06	1.44087e-06	1.022199e-06
188	0.05697924	0.03521883	0.03264221	0.03208795	0.02998304	0.02903759	0.01844893	0.01808833	0.007425558	0.005951779	0.002911622	0.0007519029	0.0001908103	0.0001183334	0.0001151641	1.423319e-05	6.752084e-06	4.50055e-06	3.383633e-06	1.820108e-06	1.078801e-06	8.597972e-07
189	0.06581447	0.04502037	0.02478938	0.02272205	0.02233305	0.02032838	0.02001777	0.01076711	0.01046139	0.004367454	0.003490015	0.001725924	0.0004639796	0.0001111354	7.085793e-05	6.876901e-05	8.952159e-06	4.377544e-06	2.973794e-06	2.291675e-06	1.322621e-06	9.198431e-07
190	0.09785558	0.03872606	0.03252876	0.01514536	0.01334812	0.01301645	0.01115388	0.01101119	0.003486048	0.003231325	0.001411731	0.001098046	0.0005585313	0.0001462341	3.342455e-05	2.174256e-05	2.091202e-05	3.164964e-06	1.78993e-06	1.346632e-06	1.134903e-06	8.567184e-07
191	0.05492583	0.05282906	0.02678238	0.02162962	0.006648298	0.005094609	0.004862254	0.003252438	0.00318921	0.001000071	0.0007969322	0.0004100607	0.0002932985	0.0001621476	5.438087e-05	1.108251e-05	6.887379e-06	6.390032e-06	1.381368e-06	9.657676e-07	8.116666e-07	7.394324e-07
192	0.08847919	0.03809102	0.03661099	0.01107202	0.01060954	0.003211743	0.002460037	0.00225068	0.001471768	0.001423137	0.0004542207	0.0003556202	0.0001914693	0.0001355714	7.534422e-05	2.753791e-05	6.011251e-06	3.894248e-06	3.530744e-06	8.104739e-07	5.692762e-07	4.734172e-07
193	0.05806067	0.01524475	0.008841534	0.007805313	0.003839373	0.003638079	0.001225383	0.0009729038	0.000769157	0.0005143489	0.0004722247	0.0001551098	0.0001225387	6.878991e-05	4.801932e-05	2.690565e-05	1.103181e-05	2.383753e-06	1.525246e-06	1.364515e-06	3.170725e-07	2.261409e-07
194	0.5683289	0.04106002	0.008495202	0.004310011	0.003338429	0.0005978826	0.0004251026	0.0002822447	0.0002732776	7.240811e-05	6.397175e-05	2.513036e-05	1.211908e-05	9.537184e-06	7.141744e-06	6.112992e-06	2.34002e-06	1.131417e-06	5.778681e-07	5.096151e-07	4.044758e-07	1.220852e-07
195	0.7057615	0.5304896	0.03789326	0.006133455	0.003977292	0.003162728	0.0004968711	0.0003549961	0.0002575492	0.0002537094	5.253654e-05	4.94814e-05	1.062091e-05	5.100103e-06	4.28137e-06	3.236604e-06	2.881804e-06	9.756601e-07	4.896421e-07	2.691765e-07	2.39546e-07	1.821379e-07
196	0.9007058	0.684148	0.5325734	0.0365432	0.004725058	0.002947045	0.002838753	0.0003831701	0.0003435212	0.0002543983	0.0002516068	4.887399e-05	4.679222e-05	7.629296e-06	3.546787e-06	3.11487e-06	2.33934e-06	2.107073e-06	6.465825e-07	3.406709e-07	1.969313e-07	1.763434e-07
197	0.8943886	0.8698191	0.6879121	0.5384499	0.03652622	0.004536448	0.002845965	0.002752113	0.000372699	0.0003348111	0.0002540038	0.000251822	4.719302e-05	4.574852e-05	6.196042e-06	2.904491e-06	2.621089e-06	2.006925e-06	1.845782e-06	5.120238e-07	2.79532e-07	1.771913e-07
198	0.8227346	0.8129251	0.7900864	0.692321	0.5447079	0.03684879	0.004484465	0.002838827	0.002767409	0.000365375	0.0003320197	0.0002547389	0.0002531312	4.640523e-05	4.539074e-05	5.383071e-06	2.578635e-06	2.36242e-06	1.851007e-06	1.727736e-06	4.525584e-07	2.551771e-07
199	0.7609005	0.7394194	0.7337286	0.7112288	0.6343942	0.5511559	0.03708594	0.0044027	0.00280151	0.002739819	0.0003606839	0.0003285508	0.0002557762	0.0002545106	4.55621e-05	4.493145e-05	4.457456e-06	2.112039e-06	1.953726e-06	1.538112e-06	1.449089e-06	2.96394e-07
200	0.8379784	0.7193764	0.7008891	0.6962039	0.6874167	0.6402899	0.5579236	0.03745663	0.004381481	0.00277028	0.002719706	0.0003236509	0.0002920051	0.0002578038	0.0002567477	4.52599e-05	4.475478e-05	3.794029e-06	1.654441e-06	1.518194e-06	1.175201e-06	1.09957e-06
201	0.8788059	0.7902399	0.7064938	0.6922386	0.6885632	0.6833068	0.647157	0.5648977	0.03786041	0.004378655	0.002752551	0.002709003	0.0002954021	0.0002638503	0.0002603571	0.0002594096	4.528143e-05	4.48472e-05	3.373097e-06	1.344052e-06	1.22044e-06	9.264975e-07
202	0.2126439	0.2092742	0.1916154	0.1702763	0.1596709	0.1571985	0.1520711	0.1203932	0.03831878	0.03809678	0.004200241	0.002558387	0.002522659	8.353392e-05	5.219128e-05	4.937142e-05	4.870461e-05	4.526475e-05	4.492949e-05	2.950897e-06	1.029422e-06	9.199198e-07
203	0.07762446	0.073054	0.07248163	0.06161004	0.05278165	0.04413857	0.04227113	0.03737775	0.00963802	0.004502502	0.004295179	0.004235484	0.002576705	0.002548693	8.294001e-05	5.161651e-05	4.941899e-05	4.88015e-05	4.535359e-05	4.506206e-05	2.543327e-06	7.131048e-07
204	0.1464801	0.06315055	0.06134207	0.06080367	0.05351224	0.04622915	0.03828573	0.03662494	0.03593313	0.009173735	0.004389444	0.004207261	0.004163535	0.002557355	0.002532841	3.681601e-05	5.268013e-06	3.226024e-06	2.618911e-06	2.564152e-06	2.291218e-06	2.269549e-06
205	0.2617729	0.122615	0.06141213	0.05972601	0.05920924	0.05228825	0.04579439	0.03800505	0.03638556	0.03574679	0.009147341	0.004421173	0.004246101	0.004204868	0.002577604	0.002563886	3.505291e-05	3.128552e-06	1.162049e-06	9.710727e-07	9.197737e-07	7.63925e-07
206	0.9430717	0.2232791	0.1161287	0.06019355	0.05857183	0.05824522	0.05175455	0.04560068	0.0378491	0.0362706	0.03563696	0.009083696	0.004381179	0.004235769	0.004196826	0.002609456	0.002598046	3.539081e-05	3.066495e-06	1.112801e-06	9.248955e-07	8.7755e-07
207	0.9065825	0.8979442	0.1729552	0.1081619	0.05640019	0.05493255	0.0547882	0.04866837	0.0428512	0.0351747	0.03373783	0.03313857	0.00727549	0.002713276	0.002675348	0.002639552	0.002634763	0.002632935	3.551511e-05	2.833749e-06	1.016564e-06	8.504677e-07
208	0.9540237	0.8979726	0.8900285	0.1607808	0.1016467	0.05024888	0.0495165	0.04938765	0.04354593	0.0380671	0.03076373	0.0294085	0.02887709	0.006628225	0.002711463	0.00268292	0.002673294	0.002668723	0.002667272	3.553765e-05	2.445699e-06	8.858422e-07
209	0.135265	0.1160131	0.1143968	0.1100638	0.09096581	0.08393841	0.0348456	0.03424236	0.03417247	0.02844317	0.02355307	0.01709921	0.01589361	0.01546248	0.002476347	6.6483e-05	4.804363e-05	4.173671e-05	3.723553e-05	3.582028e-05	3.549223e-05	1.973727e-06
210	0.1025025	0.08390623	0.08191059	0.08147507	0.07729111	0.07587232	0.06989424	0.02291424	0.02234929	0.02229352	0.01692196	0.01352923	0.009587944	0.008826467	0.00856562	0.001432535	2.283704e-05	1.115339e-05	7.081082e-06	2.84534e-06	1.761283e-06	1.455552e-06
211	0.09935212	0.08693763	0.06841995	0.06661083	0.06640652	0.06615094	0.0654765	0.06094753	0.01358167	0.01307109	0.01302397	0.008054475	0.005344709	0.003924265	0.003459997	0.003357066	0.0006612193	1.495571e-05	8.465321e-06	6.116858e-06	2.192229e-06	1.192069e-06
212	0.1148778	0.08752161	0.07811377	0.06077688	0.05926083	0.05912261	0.05894089	0.05854303	0.05506598	0.007833643	0.007356239	0.007321173	0.003574149	0.002160078	0.001633071	0.001480636	0.001440234	0.0003439607	9.895394e-06	5.946711e-06	4.469454e-06	1.502058e-06
213	0.08711068	0.083452	0.07312232	0.06584367	0.05457907	0.05339454	0.05330281	0.05319931	0.05297524	0.05103657	0.004191719	0.003739005	0.003709969	0.001954579	0.001242749	0.0009422022	0.0008595448	0.0008365589	0.0001942341	5.260588e-06	3.049714e-06	2.193455e-06
214	0.02538426	0.02241663	0.02119368	0.01948175	0.01387192	0.003127918	0.002196179	0.00214253	0.0021062	0.002027566	0.001384002	0.001184605	0.0007515605	0.0007272625	0.0006053119	0.0004820509	0.0003687448	0.0003436192	0.0003350498	6.89607e-05	1.357206e-06	6.050524e-07
215	0.881597	0.02069994	0.01834284	0.01765425	0.01621111	0.01272779	0.001918758	0.001460932	0.001413277	0.001381112	0.001317808	0.0007530071	0.000573944	0.0005614738	0.0005370637	0.0004384731	0.0003348253	0.0002546958	0.0002361324	0.0002299255	5.036489e-05	1.076554e-06
216	0.3016253	0.2702067	0.01845845	0.0165664	0.01599511	0.01500534	0.01160024	0.001713523	0.001268513	0.00122263	0.00119435	0.001140768	0.0006815792	0.0005177685	0.0005054966	0.0005040566	0.0004104639	0.0003102939	0.000234537	0.0002167709	0.0002109145	4.313881e-05
217	0.2379846	0.20227	0.1921268	0.01654283	0.01502499	0.01452637	0.01364512	0.01030795	0.001471903	0.001038838	0.0009944584	0.0009712148	0.000926448	0.0005228211	0.0003688959	0.000356863	0.0003560164	0.0002748976	0.0002007892	0.000149321	0.0001375623	0.0001334976
218	0.2275826	0.1773505	0.1542862	0.1478165	0.01538208	0.01406069	0.01359584	0.01277707	0.009488383	0.001339316	0.0009159901	0.0008723224	0.000850737	0.0008106499	0.0004266197	0.0002788747	0.0002673289	0.0002666635	0.0001878859	0.0001344441	9.795771e-05	9.009509e-05
219	0.3262339	0.2047694	0.1609385	0.1408078	0.1344666	0.01529816	0.01404041	0.01358375	0.01281025	0.009547162	0.001268002	0.000843591	0.0008004348	0.000780032	0.0007428005	0.0003778181	0.0002408278	0.0002294853	0.0002288631	0.0001504272	0.0001071491	7.709825e-05
220	0.572042	0.2193323	0.1296128	0.1025082	0.0887888	0.08818768	0.003908479	0.002851477	0.002742653	0.002003644	0.001046324	0.00082685	0.0007745518	0.0007349534	0.0007156944	0.0006830234	0.0003244365	0.0001909867	0.0001797512	0.0001791915	0.0001062461	7.023604e-05
221	0.5366054	0.5251709	0.2012055	0.1186883	0.09442728	0.08205304	0.08158569	0.003071581	0.002582411	0.002485781	0.001763538	0.000873137	0.0007960508	0.0007521002	0.000712593	0.0006964655	0.0006645817	0.0003078299	0.0001767905	0.000165522	0.0001649759	9.466696e-05
222	0.5748381	0.4978612	0.4882651	0.1924175	0.1138949	0.09106971	0.07927312	0.07883402	0.002914868	0.002454235	0.002360735	0.00167383	0.0008000052	0.0007514575	0.0007098985	0.0007021745	0.0006865759	0.0006554047	0.0003052828	0.0001745813	0.0001632107	0.0001626639
223	0.472833	0.4168572	0.366168	0.3611926	0.1203886	0.083041	0.06740278	0.05871371	0.05845686	0.002341468	0.002056156	0.001982134	0.001354044	0.0004943208	0.0004645216	0.0004343463	0.000427855	0.0004143813	0.0003900707	0.0001207911	7.680708e-05	6.696409e-05
224	0.3951035	0.3895339	0.3399172	0.3037925	0.2998215	0.1058298	0.07370196	0.06084169	0.05309978	0.05288717	0.002063355	0.001801128	0.001740535	0.001186087	0.0003633031	0.0003428359	0.0003176643	0.0003123781	0.0003017327	0.0002824473	7.737859e-05	5.050733e-05
225	0.407114	0.3767009	0.3726444	0.3230818	0.2875469	0.2836819	0.1015138	0.07126621	0.05911051	0.05165787	0.05145589	0.001946443	0.001690843	0.001631968	0.001135146	0.0003239947	0.0003063786	0.0002838742	0.0002791458	0.0002697022	0.0002524018	7.174909e-05
226	0.4773102	0.3209856	0.3101223	0.30699	0.2666901	0.2397019	0.2363804	0.09089381	0.06544169	0.05493055	0.04814739	0.04796642	0.001855995	0.001612613	0.00155633	0.001077145	0.0002866339	0.000270363	0.0002504369	0.0002462263	0.0002379128	0.000222595
227	0.3761417	0.3637994	0.2852969	0.2802295	0.2775889	0.2381575	0.2141033	0.2110052	0.08419662	0.06169027	0.05222787	0.04590988	0.04574953	0.001773444	0.001539459	0.001485403	0.001031554	0.0002619816	0.00024658	0.0002283375	0.0002244731	0.0002168882
228	0.3554893	0.3271827	0.3194187	0.2671102	0.263709	0.261117	0.221844	0.1986723	0.1957961	0.08012776	0.05952151	0.05072283	0.0447473	0.0445941	0.001746526	0.001518147	0.001464901	0.001016558	0.0002569652	0.0002416092	0.0002236688	0.0002198804
229	0.4627985	0.3048132	0.2779539	0.2707208	0.2241506	0.2211667	0.2201492	0.2086199	0.1871457	0.1844862	0.07607512	0.0570361	0.04884725	0.04321142	0.04307294	0.001704628	0.001484008	0.0014322	0.0009842272	0.0002515249	0.0002375927	0.0002197416
230	0.6234303	0.2530384	0.2206942	0.2052634	0.2013379	0.1579436	0.1559479	0.1551713	0.1471735	0.1375394	0.1354546	0.06030776	0.04713394	0.04128828	0.0368281	0.03674816	0.001204068	0.001014924	0.000972145	0.0007399694	0.0001307515	0.0001196055
231	0.4609258	0.4452933	0.1999817	0.1707197	0.1579248	0.155358	0.1152184	0.1135631	0.1128666	0.1078471	0.1014554	0.09999227	0.04729878	0.03803986	0.03379587	0.03033845	0.03028948	0.000831696	0.000678212	0.00065147	0.0005552027	6.090827e-05
232	0.4465526	0.4126177	0.4000494	0.1669427	0.1381378	0.1279768	0.1260333	0.08650758	0.08511023	0.08486358	0.08133723	0.07678754	0.07563282	0.03540576	0.02840297	0.02536951	0.02269658	0.0226625	0.0004980703	0.0003871733	0.0003681099	0.0003192902
233	0.4899943	0.4158306	0.384642	0.3741401	0.1380532	0.109144	0.1004637	0.09930201	0.06048116	0.05929767	0.05914179	0.056774	0.0537604	0.0529035	0.02493669	0.02011118	0.01796159	0.01600571	0.01598193	0.0001876911	0.000118123	0.0001072702
234	0.2240432	0.1892104	0.1733439	0.1426009	0.1333429	0.1300383	0.1006185	0.09254534	0.09150948	0.05236661	0.05122277	0.05108973	0.04910913	0.04645743	0.04602341	0.02062489	0.01624422	0.01433825	0.01269021	0.01266902	0.0001463441	9.054715e-05
235	0.6214725	0.150339	0.1221384	0.1094842	0.1075266	0.09836659	0.09520444	0.09458077	0.08670268	0.08572865	0.04596478	0.04484989	0.04475024	0.04308774	0.04074711	0.04036459	0.0168526	0.0128086	0.01110165	0.009723504	0.009704594	0.0001110745
236	0.3361759	0.3004459	0.1192209	0.09912937	0.08878672	0.08719842	0.08620294	0.08449369	0.08392923	0.08035508	0.07991746	0.03951226	0.03842371	0.03834429	0.03703265	0.03501737	0.0346914	0.01310827	0.009408873	0.007934314	0.006824854	0.006808302
237	0.2572037	0.1502883	0.1260601	0.1008202	0.08523655	0.07986805	0.07853755	0.07776401	0.07717151	0.07665207	0.07625662	0.07598824	0.03480931	0.03373061	0.03366456	0.03245923	0.03060103	0.03031275	0.009829358	0.006339135	0.005012515	0.004142085
238	0.4696747	0.2266872	0.1299002	0.1126302	0.09202623	0.08019318	0.07600422	0.07499563	0.07434154	0.07384875	0.07342926	0.07308892	0.07285332	0.03084109	0.02977146	0.0297248	0.02863157	0.02695698	0.026702	0.007637521	0.004412879	0.003276764
239	0.09044204	0.08417443	0.06198896	0.0468103	0.03842657	0.03471375	0.02773778	0.02553753	0.02493049	0.02453044	0.0242616	0.02390415	0.02375489	0.02369029	0.02321243	0.02219082	0.02216117	0.02164558	0.0208312	0.02069763	0.005489383	0.003024559
240	0.0590062	0.04303525	0.03950189	0.03666595	0.03179218	0.02570463	0.02337852	0.02041735	0.01936131	0.01899924	0.01872955	0.01853001	0.01820215	0.01810634	0.0180742	0.01772586	0.01759974	0.01757651	0.01720776	0.01659783	0.01649904	0.0043491
241	0.05487063	0.03619455	0.02697646	0.02417651	0.02241047	0.01992365	0.01430994	0.01288101	0.01130848	0.01075057	0.01054962	0.01039405	0.01028115	0.01000039	0.009942895	0.009924833	0.009731548	0.009662503	0.009653884	0.009438626	0.009082601	0.009026254
242	0.15221	0.03713259	0.02341721	0.01624902	0.01385989	0.01313846	0.01175749	0.006308262	0.00555702	0.004832756	0.004566885	0.00447296	0.004393716	0.004341256	0.004093084	0.004056156	0.004045956	0.003958668	0.003930258	0.003926603	0.003814599	0.003633215
243	0.6024965	0.1344029	0.02469565	0.01743875	0.01106008	0.008965058	0.008679191	0.008217044	0.002759447	0.002254024	0.001911477	0.001765061	0.001730601	0.001682385	0.001654414	0.001642218	0.00161314	0.001606035	0.001562093	0.001550281	0.001548506	0.001477394
244	0.6540684	0.6092398	0.1334447	0.02201128	0.01612273	0.01009803	0.00803589	0.007826897	0.00749723	0.001921175	0.001482303	0.001225961	0.001110395	0.001087003	0.001046377	0.001024705	0.001016328	0.0009942962	0.0009882088	0.0009550542	0.0009474128	0.0009460763
245	0.9496038	0.6640783	0.6228362	0.1343803	0.02026998	0.01579767	0.009996491	0.007946499	0.007767686	0.007454437	0.001739773	0.00134705	0.001104605	0.0009949195	0.0009731276	0.0009531797	0.000932547	0.0009246622	0.0009032801	0.0008987326	0.0008668638	0.0008597159
246	0.9544407	0.9353956	0.6748422	0.6370084	0.1351721	0.01838252	0.01384716	0.007904137	0.007654164	0.007482862	0.007176168	0.001653693	0.001258995	0.001022234	0.0009175088	0.0008968168	0.0008791194	0.0008602089	0.0008527202	0.0008311017	0.0008267319	0.0007959297
247	0.9252667	0.9136014	0.9087074	0.6884457	0.6539665	0.1378562	0.0177722	0.0134513	0.007776585	0.007539891	0.007416904	0.007139828	0.001466524	0.001128081	0.0009198588	0.0008316812	0.0008130831	0.0007965151	0.0007791792	0.0007725869	0.0007507131	0.0007463922
248	0.9116585	0.8971094	0.8908672	0.8867081	0.7002393	0.6684863	0.1370101	0.01338079	0.008998426	0.007803085	0.007568889	0.007457617	0.007190828	0.001344922	0.001019441	0.0008358767	0.0007514553	0.0007342683	0.0007185968	0.0007020011	0.0006959503	0.0006737516
249	0.3886728	0.3517939	0.3399594	0.3342232	0.3306579	0.1675274	0.1463285	0.1407064	0.01344614	0.009031206	0.007823463	0.00761355	0.007511517	0.007258453	0.001231013	0.0009083111	0.0007369484	0.0006565752	0.0006406992	0.0006261239	0.0006105785	0.0006050388
250	0.2199454	0.2115354	0.1880083	0.1779859	0.1736275	0.1703159	0.0362213	0.01845768	0.01444411	0.01317027	0.008858859	0.00764802	0.007561228	0.007474772	0.007259907	0.001053669	0.0007473142	0.0006092904	0.0005406881	0.0005270743	0.0005145106	0.0005020005
251	0.1183044	0.1160885	0.1143784	0.1008886	0.09579425	0.0929569	0.09124472	0.01593767	0.006323378	0.003999021	0.003306902	0.002381167	0.001191314	0.001127035	0.001071695	0.0009027163	0.0008452873	0.0005592886	0.000459218	0.0004047412	0.0003953068	0.0003862398
252	0.480509	0.07567745	0.0738349	0.07292122	0.06388067	0.06071088	0.05892333	0.05796746	0.01053321	0.004452152	0.002980445	0.002540852	0.001857817	0.0006688944	0.0006196637	0.0005821115	0.0004615558	0.0004215942	0.0003700333	0.0003039252	0.0002695949	0.0002636796
253	0.4883801	0.05472087	0.05278464	0.05251604	0.05195875	0.04500484	0.0426573	0.04134598	0.04085652	0.00683715	0.002464836	0.001419733	0.001107912	0.0005551703	0.0005073164	0.0004653483	0.0004365929	0.0003409864	0.0003086075	0.0002678562	0.0002199962	0.0001920153
254	0.1172299	0.09887133	0.03623487	0.0350831	0.03487911	0.03444284	0.02936878	0.02790453	0.02702445	0.02667022	0.004525336	0.001670539	0.001008922	0.0008119459	0.0003789756	0.0003466585	0.0003289497	0.0003080859	0.0002338089	0.000208041	0.0001769224	0.0001438778
255	0.09164377	0.07686033	0.06358441	0.02035332	0.01958447	0.01949887	0.01919124	0.01633315	0.01550003	0.01496614	0.01477001	0.002520919	0.0009443258	0.0005795715	0.0004679389	0.0002270695	0.0002088964	0.0001989226	0.0001858402	0.0001421233	0.000126437	0.0001031092
256	0.3695903	0.06135004	0.05138094	0.04163783	0.01030321	0.009806738	0.009762164	0.009544076	0.007712889	0.007268003	0.006947632	0.006829091	0.001270298	0.0005394044	0.000362866	0.0003052821	0.0001371774	0.0001268978	0.0001207281	0.0001164317	8.654147e-05	7.593315e-05
257	0.9623166	0.3607494	0.05065103	0.04224966	0.03466791	0.005932322	0.005578503	0.005558521	0.005395969	0.004313269	0.004145347	0.004057483	0.003982608	0.0007749563	0.0003490235	0.0002477171	0.0002133982	9.413536e-05	8.758889e-05	8.358394e-05	8.111385e-05	5.996881e-05
258	0.05913602	0.04887742	0.02304628	0.01183278	0.009918838	0.005544338	0.003046629	0.002894118	0.002884677	0.002788562	0.002319016	0.002235091	0.00219059	0.002160535	0.0003876302	0.0001578069	0.0001048201	8.667966e-05	4.01339e-05	3.704892e-05	3.529714e-05	3.40505e-05
259	0.0193632	0.01611812	0.01467535	0.008642959	0.00319631	0.002604807	0.001346255	0.000739969	0.0006970454	0.0006945963	0.0006651279	0.0005759148	0.0005558378	0.0005450635	0.0005402878	8.912329e-05	3.22445e-05	1.987582e-05	1.584387e-05	9.019667e-06	8.409734e-06	8.09441e-06
260	0.03731831	0.01017887	0.008703102	0.008093672	0.005508597	0.001186714	0.0009007998	0.0004638309	0.0002639054	0.0002465754	0.0002455848	0.0002332754	0.0002015271	0.0001943227	0.0001904189	0.0001887774	3.140825e-05	1.160973e-05	7.321896e-06	5.88656e-06	3.47659e-06	3.263035e-06
261	0.07108875	0.01668279	0.00607077	0.005429322	0.005198292	0.004303774	0.0003391002	0.0001909545	0.0001225557	7.186203e-05	6.685524e-05	6.655285e-05	6.237274e-05	5.496662e-05	5.306323e-05	5.202721e-05	5.154689e-05	8.737699e-06	3.344491e-06	2.180623e-06	1.79735e-06	1.128873e-06
262	0.07073897	0.01423379	0.006641029	0.001241524	0.0009166042	0.0008134721	0.0003532626	0.0002251687	0.0001120254	6.164412e-05	3.834986e-05	3.555252e-05	3.538288e-05	3.358778e-05	2.969348e-05	2.868472e-05	2.81316e-05	2.787382e-05	4.729728e-06	1.815088e-06	1.182286e-06	9.746718e-07
263	0.1891463	0.04727694	0.01021271	0.005097734	0.0008636803	0.0006188141	0.0005395454	0.0001982514	0.0001090938	9.559408e-05	4.645676e-05	2.90127e-05	2.686476e-05	2.67439e-05	2.560069e-05	2.265925e-05	2.189812e-05	2.148129e-05	2.128644e-05	3.610488e-06	1.384641e-06	8.992399e-07
264	0.1156016	0.1077033	0.02991502	0.006104739	0.002830475	0.0005497353	0.0003967484	0.0003440839	0.0001336319	8.110712e-05	7.255884e-05	3.054434e-05	1.918873e-05	1.776578e-05	1.768565e-05	1.696374e-05	1.509167e-05	1.459688e-05	1.432503e-05	1.419791e-05	2.390847e-06	9.055544e-07
265	0.08658225	0.06161216	0.05888936	0.01598893	0.003204138	0.001435367	0.0002587174	0.0001858249	0.000155423	5.130949e-05	2.425603e-05	1.982154e-05	1.696572e-05	1.080899e-05	1.001824e-05	9.973287e-06	9.612141e-06	8.605246e-06	8.338731e-06	8.191395e-06	8.120047e-06	1.356441e-06
266	0.05479849	0.03418829	0.02632021	0.0252263	0.006625009	0.001272357	0.0005309783	8.504111e-05	7.004202e-05	5.537187e-05	2.048675e-05	1.040643e-05	8.727603e-06	7.646411e-06	5.019681e-06	4.633672e-06	4.612047e-06	4.485713e-06	4.01248e-06	3.886486e-06	3.816853e-06	3.781599e-06
267	0.002803981	0.002029785	0.001371395	0.001117527	0.001082755	0.0001964469	3.119315e-05	9.899393e-06	1.796374e-06	1.512607e-06	8.721233e-07	5.248986e-07	3.015025e-07	2.634078e-07	2.410739e-07	1.547441e-07	1.435269e-07	1.428488e-07	1.416719e-07	1.077797e-07	1.032623e-07	1.006653e-07
268	0.06701932	0.001735172	0.001278112	0.0009131988	0.0007720531	0.0007530525	0.0001071614	1.653361e-05	4.78872e-06	1.063019e-06	9.549134e-07	5.054668e-07	3.130297e-07	1.709463e-07	1.472415e-07	1.351737e-07	8.076862e-08	7.55021e-08	7.515894e-08	7.466305e-08	4.594523e-08	4.341756e-08
269	0.9954317	0.06218923	0.00099339	0.0007366181	0.0005053456	0.0004187775	0.0004038026	8.344357e-05	1.333092e-05	4.453542e-06	1.078027e-06	9.711438e-07	5.094989e-07	3.128162e-07	1.682957e-07	1.442582e-07	1.323415e-07	7.745005e-08	7.282889e-08	7.250122e-08	7.201721e-08	4.16353e-08
270	0.3818996	0.3815594	0.04007433	0.0007506134	0.0005784264	0.0003925857	0.0003210967	0.0003078187	7.326476e-05	1.19626e-05	4.255481e-06	1.104712e-06	9.962158e-07	5.195853e-07	3.145841e-07	1.664153e-07	1.418781e-07	1.300978e-07	7.389808e-08	6.977593e-08	6.947499e-08	6.899724e-08
271	0.2817801	0.2701974	0.269942	0.0296742	0.0005685361	0.0004422502	0.0002984776	0.0002436721	0.0002331636	5.756879e-05	9.39679e-06	3.349353e-06	8.790317e-07	7.918382e-07	3.980955e-07	2.330922e-07	1.276889e-07	1.099467e-07	1.014439e-07	5.827969e-08	5.590036e-08	5.568912e-08
272	0.1990985	0.1903277	0.1839792	0.1838051	0.02025166	0.000385432	0.000299176	0.0002012536	0.0001638708	0.0001568023	3.903364e-05	6.356963e-06	2.26145e-06	5.949476e-07	5.351902e-07	2.60839e-07	1.494963e-07	8.425553e-08	7.314084e-08	6.766776e-08	3.912346e-08	3.767716e-08
273	0.1280261	0.1064953	0.1022085	0.09887672	0.09878583	0.0108791	0.0002014217	0.0001552452	0.0001040636	8.463565e-05	8.097697e-05	2.013451e-05	3.255329e-06	1.147044e-06	3.034811e-07	2.718529e-07	1.197824e-07	6.303299e-08	3.947104e-08	3.523096e-08	3.285295e-08	1.938606e-08
274	0.08224876	0.04971677	0.04195078	0.0403422	0.0391222	0.03908899	0.004304002	7.35463e-05	5.522907e-05	3.624684e-05	2.895193e-05	2.769655e-05	6.869114e-06	1.108841e-06	3.926483e-07	1.14882e-07	1.026263e-07	3.751359e-08	1.950448e-08	1.191317e-08	1.05606e-08	9.740384e-09
275	0.2758899	0.05625332	0.03552614	0.03029021	0.0291892	0.02835343	0.02833139	0.003114452	4.870418e-05	3.539689e-05	2.258405e-05	1.757619e-05	1.682188e-05	4.158694e-06	6.732531e-07	2.422993e-07	8.174527e-08	7.30961e-08	2.28282e-08	1.083274e-08	6.087297e-09	5.271089e-09
276	0.9704068	0.2634351	0.05407676	0.03498464	0.02998263	0.02892505	0.0281183	0.02809796	0.003084231	4.48638e-05	3.180136e-05	1.988813e-05	1.511214e-05	1.4464e-05	3.563248e-06	5.778526e-07	2.107717e-07	7.946129e-08	7.110545e-08	1.958193e-08	8.475469e-09	4.308009e-09
277	0.5156764	0.5036959	0.1826889	0.05045112	0.0345758	0.02986748	0.02884738	0.02807098	0.02805234	0.003078696	4.423204e-05	3.141315e-05	1.971008e-05	1.497269e-05	1.43277e-05	3.542172e-06	5.732618e-07	2.080802e-07	7.750289e-08	6.914612e-08	1.751449e-08	7.762958e-09
278	0.9701448	0.5349541	0.5237907	0.2009059	0.06002302	0.04225559	0.03662233	0.03539037	0.03445284	0.03443118	0.00377734	5.420337e-05	3.848326e-05	2.41814e-05	1.836794e-05	1.757647e-05	4.343441e-06	7.00921e-07	2.530459e-07	9.295425e-08	8.284086e-08	2.038455e-08
279	0.9937923	0.965537	0.5325163	0.5214043	0.2004677	0.05995873	0.042243	0.03663935	0.03541262	0.03447866	0.03445711	0.003780061	5.413095e-05	3.842029e-05	2.416648e-05	1.835188e-05	1.756031e-05	4.326865e-06	6.844438e-07	2.366531e-07	7.679059e-08	6.842536e-08
