#unpaired probabilities
 #i$	l=1	2	3	4	5	6	7	8	9	10	11	12	13	14	15	16	17	18	19	20	21	22	23	24	25	26	27	
1	0.9965345	NA	NA	NA	NA	NA	NA	NA	NA	NA	NA	NA	NA	NA	NA	NA	NA	NA	NA	NA	NA	NA	NA	NA	NA	NA	NA
2	0.6997167	0.702817	NA	NA	NA	NA	NA	NA	NA	NA	NA	NA	NA	NA	NA	NA	NA	NA	NA	NA	NA	NA	NA	NA	NA	NA	NA
3	0.657658	0.573405	0.5778087	NA	NA	NA	NA	NA	NA	NA	NA	NA	NA	NA	NA	NA	NA	NA	NA	NA	NA	NA	NA	NA	NA	NA	NA
4	0.7394485	0.6511887	0.5678821	0.5722484	NA	NA	NA	NA	NA	NA	NA	NA	NA	NA	NA	NA	NA	NA	NA	NA	NA	NA	NA	NA	NA	NA	NA
5	0.8751528	0.7391193	0.6508894	0.5676216	0.57199	NA	NA	NA	NA	NA	NA	NA	NA	NA	NA	NA	NA	NA	NA	NA	NA	NA	NA	NA	NA	NA	NA
6	0.9346346	0.8062737	0.7311499	0.6441317	0.5617308	0.5660661	NA	NA	NA	NA	NA	NA	NA	NA	NA	NA	NA	NA	NA	NA	NA	NA	NA	NA	NA	NA	NA
7	0.8911791	0.8712577	0.7761114	0.7038893	0.6226683	0.5429628	0.5471826	NA	NA	NA	NA	NA	NA	NA	NA	NA	NA	NA	NA	NA	NA	NA	NA	NA	NA	NA	NA
8	0.9982389	0.8905941	0.870602	0.7759216	0.7037325	0.6224966	0.5428937	0.5471144	NA	NA	NA	NA	NA	NA	NA	NA	NA	NA	NA	NA	NA	NA	NA	NA	NA	NA	NA
9	0.9986507	0.9971936	0.8895898	0.8695425	0.7748551	0.7025913	0.6211223	0.5426121	0.5468343	NA	NA	NA	NA	NA	NA	NA	NA	NA	NA	NA	NA	NA	NA	NA	NA	NA	NA
10	0.9958869	0.9957075	0.9949893	0.8876984	0.8677299	0.7731404	0.7009964	0.6195324	0.541572	0.5458002	NA	NA	NA	NA	NA	NA	NA	NA	NA	NA	NA	NA	NA	NA	NA	NA	NA
11	0.9884098	0.987982	0.9888219	0.989247	0.8823568	0.8624626	0.7680123	0.6967707	0.6154006	0.5387384	0.5429663	NA	NA	NA	NA	NA	NA	NA	NA	NA	NA	NA	NA	NA	NA	NA	NA
12	0.9171125	0.9148232	0.9177356	0.9211084	0.9225181	0.857067	0.840874	0.7484974	0.682984	0.6031081	0.5280883	0.532444	NA	NA	NA	NA	NA	NA	NA	NA	NA	NA	NA	NA	NA	NA	NA
13	0.970694	0.9111998	0.9094903	0.9130192	0.9173136	0.9196005	0.8543801	0.8382972	0.7460495	0.6807251	0.6009662	0.5263887	0.5307976	NA	NA	NA	NA	NA	NA	NA	NA	NA	NA	NA	NA	NA	NA
14	0.9115166	0.8909411	0.8556474	0.8545626	0.8587645	0.8622923	0.8613777	0.8420691	0.8288245	0.7372302	0.6745954	0.5955607	0.5217011	0.5261339	NA	NA	NA	NA	NA	NA	NA	NA	NA	NA	NA	NA	NA
15	0.8961067	0.8424913	0.8303964	0.8117044	0.8165774	0.827616	0.8409813	0.8490956	0.8313602	0.8187679	0.7296775	0.6684125	0.5900215	0.5172384	0.5223156	NA	NA	NA	NA	NA	NA	NA	NA	NA	NA	NA	NA
16	0.8918771	0.8814539	0.8318991	0.8215121	0.8038133	0.8093561	0.8211405	0.8355899	0.8446534	0.8271221	0.8146624	0.7258977	0.6648655	0.5867068	0.5144292	0.5195583	NA	NA	NA	NA	NA	NA	NA	NA	NA	NA	NA
17	0.08860877	0.08978387	0.09089847	0.07632467	0.0771057	0.07670199	0.07846895	0.08076077	0.08312613	0.08768264	0.09435725	0.1036435	0.04425729	0.02788409	0.02455742	0.02147149	0.02154784	NA	NA	NA	NA	NA	NA	NA	NA	NA	NA
18	0.1012222	0.03911424	0.03875239	0.03808137	0.03688774	0.03605848	0.03470664	0.03405777	0.03337214	0.03212826	0.03211784	0.03263489	0.03362809	0.03505503	0.01933898	0.01703203	0.01491307	0.01501985	NA	NA	NA	NA	NA	NA	NA	NA	NA
19	0.1550608	0.08322462	0.02755351	0.02699992	0.02606306	0.02506402	0.02429625	0.02311587	0.02247064	0.02177898	0.0211893	0.02071317	0.02006072	0.0194415	0.01859591	0.01734153	0.01527114	0.01338282	0.01350676	NA	NA	NA	NA	NA	NA	NA	NA
20	0.9380788	0.1514869	0.08230568	0.02689101	0.02631935	0.02536496	0.02458753	0.02384619	0.02283113	0.02222979	0.02159053	0.021042	0.0205786	0.01992784	0.01930919	0.01846432	0.01721079	0.01518366	0.01330628	0.01342987	NA	NA	NA	NA	NA	NA	NA
21	0.9559647	0.9267729	0.1496182	0.08136485	0.02655695	0.02601075	0.02508427	0.02433811	0.02361871	0.02262878	0.02205085	0.02143872	0.02092004	0.02049297	0.01985624	0.01924262	0.01840356	0.01715757	0.01513477	0.01326395	0.01338792	NA	NA	NA	NA	NA	NA
22	0.985029	0.9500287	0.9218214	0.1484241	0.08076998	0.02632801	0.02579555	0.02488409	0.02415432	0.02344566	0.02246882	0.02190189	0.02130238	0.02079732	0.02038722	0.01975808	0.01914771	0.01831248	0.01707171	0.01505366	0.01319585	0.01331952	NA	NA	NA	NA	NA
23	0.3699118	0.3492335	0.3096031	0.2796102	0.09308644	0.06339005	0.01804311	0.01768529	0.01696317	0.01643227	0.01593015	0.0152022	0.0147384	0.01422359	0.01380245	0.01346163	0.01300473	0.01259428	0.01204166	0.01121023	0.009877855	0.008658493	0.008738632	NA	NA	NA	NA
24	0.1054402	0.09184341	0.0819544	0.07123576	0.06469348	0.01647833	0.009185428	0.004955456	0.004818678	0.004325627	0.004139232	0.003846972	0.003485628	0.003162382	0.002788491	0.002447211	0.002235071	0.002077929	0.001998322	0.001894715	0.001737717	0.001506224	0.001318472	0.001326865	NA	NA	NA
25	0.1020263	0.05972098	0.05192677	0.04736294	0.03905714	0.03432849	0.01119329	0.006126927	0.003303417	0.003194986	0.003147504	0.003002786	0.002733171	0.002400933	0.002086361	0.00171477	0.001386095	0.001225798	0.001106593	0.001065594	0.001012785	0.000932252	0.0008223337	0.0007196361	0.0007234448	NA	NA
26	0.1185981	0.07824347	0.045746	0.04119753	0.03878162	0.03372364	0.03018598	0.008939808	0.004858071	0.002556408	0.002536109	0.002489931	0.002408913	0.002146794	0.001828125	0.001519011	0.001150655	0.0008529091	0.0007270312	0.0006205473	0.0005941682	0.0005610414	0.0005107159	0.0004505431	0.000393785	0.0003947133	NA
27	0.1432035	0.09697894	0.06236699	0.04130699	0.03736879	0.03532485	0.0318437	0.02870162	0.007940255	0.004434445	0.002308841	0.002286925	0.002265562	0.002187171	0.001945334	0.001634344	0.00132973	0.0009668973	0.0006893741	0.0005704276	0.0004679102	0.0004461439	0.0004192045	0.0003785231	0.0003338834	0.0002915697	0.0002916668
28	0.1253804	0.08430132	0.05788537	0.03638508	0.02293182	0.01906186	0.01675026	0.01302782	0.009581231	0.006086013	0.003050037	0.001210269	0.00114544	0.001075283	0.001015876	0.0009455338	0.0008537389	0.0007750508	0.000683331	0.0006037095	0.0005452999	0.0004453495	0.0004247816	0.0003992415	0.0003602864	0.0003180362	0.0002780321
29	0.9159696	0.1236234	0.08304572	0.05699897	0.03593009	0.02270944	0.01886654	0.01656663	0.01285771	0.009425684	0.005945149	0.00300927	0.001180261	0.00111448	0.001043234	0.0009846526	0.000919181	0.0008330026	0.0007599144	0.0006748122	0.0006004642	0.0005450273	0.0004451467	0.0004246108	0.0003990955	0.0003601634	0.0003179293
30	0.2478596	0.2246684	0.08504746	0.06262336	0.0428226	0.02624454	0.01691925	0.01404222	0.01224743	0.00949543	0.006934043	0.004406774	0.002285033	0.0008827794	0.0008304763	0.0007737434	0.0007266316	0.0006748682	0.0006064993	0.000548063	0.0004799424	0.0004195971	0.0003738134	0.000300979	0.0002862687	0.0002684162	0.0002408
31	0.8462607	0.1893124	0.1716284	0.06671759	0.04822517	0.03392075	0.02141572	0.01376873	0.01144022	0.009941135	0.007885419	0.005768446	0.003692326	0.001923744	0.000747177	0.0007036226	0.0006563974	0.0006196978	0.0005758201	0.0005169575	0.0004671146	0.0004089439	0.0003595656	0.000326229	0.0002583052	0.0002458714	0.0002307013
32	0.9389244	0.8240593	0.1846262	0.1690011	0.06461709	0.04652345	0.03253724	0.02081401	0.0133521	0.01111883	0.00966268	0.007673179	0.005612372	0.003592702	0.001873707	0.0007309887	0.0006890133	0.0006435312	0.0006075383	0.0005644302	0.0005065188	0.0004574841	0.0004002478	0.0003517238	0.0003191608	0.0002514938	0.000239223
33	0.8753706	0.8709583	0.7775356	0.1786771	0.1638875	0.06154535	0.04429906	0.03107695	0.01981087	0.01276839	0.01061815	0.00921232	0.007322033	0.005355798	0.003426575	0.001788046	0.0006871841	0.0006457212	0.0006007364	0.0005677363	0.0005265576	0.0004718418	0.0004250158	0.0003703163	0.000323828	0.0002927342	0.0002259768
34	0.9274534	0.8431385	0.8387493	0.7722904	0.1760233	0.1616876	0.06004227	0.04324257	0.03036598	0.01933893	0.01247034	0.01036333	0.008984333	0.007146276	0.005227948	0.003346128	0.001742197	0.0006631617	0.0006219063	0.0005771139	0.0005458251	0.000505564	0.0004541978	0.0004085643	0.0003552364	0.0003098663	0.0002795702
35	0.9046065	0.8661258	0.8097042	0.8058129	0.7548246	0.1728032	0.158938	0.05801717	0.04170576	0.02924087	0.01855277	0.01200703	0.009979943	0.008653889	0.006883662	0.005031577	0.003222771	0.001679913	0.0006427259	0.0006033719	0.0005606745	0.0005306062	0.0004915505	0.0004430253	0.0003988752	0.0003472918	0.0003033574
36	0.9676469	0.8995328	0.8612978	0.8054501	0.8017968	0.7514395	0.1699868	0.1563306	0.05572828	0.03976974	0.02751583	0.01817949	0.01176216	0.00977859	0.008480902	0.006749328	0.0049321	0.003159744	0.001649164	0.0006342972	0.0005961158	0.0005546929	0.0005250779	0.0004866797	0.0004389113	0.0003954984	0.0003447722
37	0.4640338	0.4494023	0.375084	0.3229354	0.2627442	0.2429731	0.2046831	0.1654287	0.1523238	0.05285046	0.03772033	0.02607112	0.01721267	0.01128316	0.009366861	0.008111654	0.006445505	0.004688736	0.00301824	0.001560067	0.0005792786	0.0005404152	0.0004981478	0.0004719529	0.0004391341	0.000398641	0.000362251
38	0.9768685	0.4638848	0.4492717	0.3749686	0.3228282	0.2626542	0.2428901	0.2046083	0.1653668	0.1522675	0.05280707	0.03769095	0.02605242	0.01720156	0.01127658	0.009361933	0.008107339	0.006441911	0.004685893	0.003016182	0.00155906	0.0005787506	0.0005398921	0.0004976289	0.000471471	0.0004387178	0.0003982988
39	0.07711415	0.07622758	0.05962671	0.05969173	0.03423654	0.02895858	0.02551419	0.02479542	0.009323565	0.006855037	0.005845844	0.003970565	0.002408696	0.001639075	0.001080784	0.0006992033	0.0005968708	0.0005326053	0.0004253957	0.0002823776	0.0001893946	0.000104896	5.287686e-05	5.211579e-05	5.135309e-05	4.939376e-05	4.680398e-05
40	0.09640674	0.06228831	0.06124147	0.0548158	0.05485791	0.03178421	0.02685867	0.02388349	0.02322977	0.007886584	0.00559666	0.004620289	0.00311667	0.002247997	0.001528316	0.001007643	0.0006511955	0.0005575162	0.0004985288	0.0003982331	0.0002625406	0.0001766312	9.825633e-05	5.036764e-05	4.976493e-05	4.917364e-05	4.736969e-05
41	0.2592603	0.08451652	0.05790079	0.05735791	0.05149546	0.05168163	0.0287914	0.02403526	0.02189522	0.02140995	0.006274212	0.004745541	0.003906543	0.002575805	0.001837764	0.001282637	0.0008466806	0.0005472004	0.0004715557	0.0004242035	0.0003387082	0.0002182823	0.0001484934	8.396114e-05	4.517972e-05	4.494989e-05	4.476503e-05
42	0.2123375	0.194176	0.05022049	0.03062514	0.02996195	0.02871822	0.02840197	0.02566196	0.02183948	0.0202658	0.01986605	0.004836508	0.003577713	0.002851017	0.001820861	0.001294697	0.000897351	0.0006091471	0.0004067784	0.0003460862	0.0003073013	0.0002332374	0.0001712458	0.0001149724	6.219e-05	3.111046e-05	3.063053e-05
43	0.2507278	0.1928012	0.1760278	0.04824182	0.02974712	0.02922972	0.0280992	0.02782221	0.02513062	0.02135139	0.01984915	0.01948825	0.004528942	0.003406094	0.002716981	0.001727691	0.001228722	0.0008510244	0.0005771817	0.000385749	0.0003281669	0.0002913656	0.0002212938	0.0001626782	0.000109173	5.896377e-05	2.947983e-05
44	0.6209742	0.2012879	0.1701501	0.1546372	0.03966833	0.02266788	0.02209705	0.02126421	0.02087598	0.02033333	0.01989821	0.01926943	0.01896595	0.004077884	0.003064864	0.002415753	0.001563162	0.001106721	0.0007728674	0.0005253298	0.0003516862	0.0002999486	0.0002669952	0.0002018276	0.0001484221	0.0001000245	5.423399e-05
45	0.9548777	0.6162949	0.1994193	0.1691044	0.1538168	0.03935827	0.02254468	0.02198712	0.02116763	0.02078628	0.02025209	0.01982468	0.01920635	0.01891012	0.004030539	0.003030868	0.002388478	0.001543269	0.00109209	0.000762226	0.0005189133	0.0003473211	0.0002963435	0.0002638374	0.0001994143	0.0001466742	9.887988e-05
46	0.9354468	0.9259877	0.5927382	0.1791616	0.1560122	0.1405398	0.03733277	0.02164823	0.0210765	0.02024229	0.01984334	0.01929144	0.01884476	0.01820135	0.01787637	0.003971917	0.003019195	0.002379215	0.00153683	0.00108751	0.0007589652	0.0005165804	0.0003457641	0.0002950164	0.0002626575	0.0001985282	0.000146028
47	0.8722961	0.8273623	0.815983	0.5014834	0.086815	0.06630969	0.04878603	0.02670233	0.01094399	0.01009954	0.008978362	0.008274032	0.0074	0.006611597	0.005602343	0.004886869	0.003944095	0.003003433	0.002366149	0.0015275	0.001080749	0.0007541043	0.0005130837	0.0003434566	0.0002930733	0.0002609528	0.0001972052
48	0.5924465	0.5642969	0.5144609	0.5034629	0.4425656	0.08320475	0.0639134	0.04694658	0.02567824	0.01062035	0.009794553	0.008702205	0.008011217	0.007148201	0.006367526	0.005366499	0.004654158	0.003755825	0.002876245	0.002249376	0.001444581	0.001024011	0.0007163339	0.0004884099	0.0003338896	0.0002846981	0.0002533169
49	0.704637	0.5890077	0.5612038	0.5114268	0.5004741	0.4414047	0.08288265	0.06367163	0.04677366	0.02558459	0.01058295	0.009764143	0.008675712	0.007987395	0.007127176	0.006349194	0.005351389	0.004641275	0.003745445	0.002868129	0.002242383	0.001439522	0.001020661	0.0007141496	0.0004870122	0.000333038	0.0002840197
50	0.6592312	0.6368334	0.565364	0.5458417	0.500142	0.4893877	0.4324658	0.08128306	0.06243371	0.04581042	0.02499202	0.01024405	0.009440748	0.008402743	0.007721289	0.006891512	0.006126414	0.005141443	0.004437212	0.003547917	0.002684003	0.002060899	0.001408124	0.0009990692	0.0006997502	0.0004776929	0.0003272357
51	0.9585986	0.6565619	0.6344133	0.5635924	0.5442221	0.4986786	0.4880597	0.4313672	0.08053575	0.06188188	0.04544295	0.02480446	0.01018431	0.009393592	0.008364046	0.007689587	0.006866555	0.006108286	0.005129351	0.004426573	0.003538591	0.00267648	0.002054888	0.001404212	0.0009969774	0.0006988039	0.0004770915
52	0.9636795	0.9559585	0.6552832	0.6333359	0.562704	0.543394	0.4979068	0.487341	0.4308135	0.08025777	0.06167293	0.04529678	0.02472515	0.01015425	0.009369626	0.008343415	0.007671418	0.006850711	0.006094631	0.005117902	0.004416265	0.00352974	0.002669694	0.002050068	0.001401193	0.0009952303	0.0006978086
53	0.8188683	0.8101311	0.8065431	0.5695111	0.5578216	0.4997872	0.4839394	0.4425686	0.4357731	0.3928591	0.0608577	0.04690619	0.03471791	0.01900193	0.007907465	0.007310226	0.006509549	0.006007454	0.005387174	0.004822561	0.004078348	0.003561948	0.002901513	0.002193475	0.001718738	0.001194197	0.000859553
54	0.5510385	0.4654347	0.4549369	0.4476402	0.2590589	0.2452087	0.2039197	0.1873436	0.1769373	0.1669802	0.1263832	0.05139955	0.03960729	0.02927686	0.01590694	0.006507701	0.006036743	0.005413142	0.004980795	0.004455564	0.00396467	0.003428941	0.002987068	0.002413799	0.001831549	0.001424971	0.0009980112
55	0.5625741	0.5375	0.4541101	0.4436242	0.4366513	0.2568692	0.2433699	0.2024754	0.1860394	0.1757109	0.1659364	0.1255799	0.05091059	0.03928364	0.02907055	0.01578063	0.006464363	0.006000817	0.005382233	0.004954267	0.004433929	0.003947785	0.003413951	0.002973793	0.00240206	0.001822939	0.00141902
56	0.4884206	0.41445	0.3945191	0.3687362	0.3592864	0.353163	0.226802	0.215266	0.1789276	0.1635888	0.1545455	0.1458129	0.1105865	0.04527635	0.03477078	0.02554252	0.01364155	0.005548588	0.005139425	0.004603488	0.004233562	0.003803679	0.003397647	0.002914623	0.002527935	0.002008023	0.001537328
57	0.8083058	0.4671547	0.4002324	0.380388	0.3550866	0.3461852	0.3404595	0.2210077	0.2098913	0.1745235	0.1594357	0.1507136	0.1422003	0.1077776	0.04391714	0.03369123	0.02471462	0.01312369	0.005358627	0.004965833	0.004450307	0.00409756	0.003691023	0.003307519	0.002847774	0.002467743	0.001954713
58	0.6218913	0.5996245	0.4438238	0.3897011	0.3713617	0.3475279	0.3388952	0.3333592	0.2162399	0.205361	0.1714943	0.1566604	0.1481378	0.1397404	0.105627	0.04211145	0.03209541	0.02327992	0.0126892	0.005179521	0.00479726	0.004293525	0.003952181	0.003560138	0.003191397	0.002732015	0.002349746
59	0.5722214	0.5491512	0.5281271	0.3808495	0.3320386	0.3199056	0.300285	0.2920678	0.2866422	0.1937857	0.1839974	0.1540281	0.1432125	0.1352473	0.1277781	0.09743306	0.03995927	0.03054308	0.02222698	0.01220171	0.004965353	0.004593866	0.004110173	0.003779224	0.003403446	0.003047959	0.002599817
60	0.9441448	0.5497017	0.5270742	0.5087834	0.3627896	0.3288447	0.3167396	0.2971672	0.2891637	0.2838398	0.1919669	0.1822981	0.1526184	0.1418851	0.1340297	0.1266614	0.09652315	0.03939588	0.03012225	0.02193886	0.01204701	0.004914959	0.004549455	0.004072515	0.003747216	0.003377624	0.003028303
61	0.6137647	0.6061506	0.3481287	0.331178	0.3145236	0.2564377	0.2387515	0.2313875	0.2215565	0.2150018	0.2102417	0.1504984	0.1426918	0.119542	0.1128089	0.1062527	0.1006662	0.0779373	0.03362342	0.02578777	0.0187332	0.01030602	0.00412585	0.003802599	0.003396344	0.003106947	0.002783659
62	0.5394658	0.4897186	0.4873379	0.2754998	0.2618461	0.2482873	0.1986676	0.1837972	0.1769292	0.1681511	0.1636519	0.1608673	0.1116785	0.1063588	0.08998222	0.08498555	0.08076506	0.0772161	0.05867402	0.02130802	0.01647428	0.01221638	0.006791459	0.002891706	0.002695017	0.002429589	0.002259069
63	0.1970317	0.1704463	0.1593374	0.1594748	0.05747308	0.05563997	0.04745222	0.03940136	0.03534386	0.0311277	0.02734463	0.02661077	0.02619476	0.01684774	0.01601331	0.01347666	0.01246035	0.01186577	0.01122246	0.008409956	0.002946469	0.002285078	0.00170429	0.0009679796	0.0004258182	0.0003938831	0.0003552311
64	0.1289625	0.09271852	0.06552895	0.05915014	0.05780039	0.03927644	0.0375305	0.03627263	0.02970243	0.02716985	0.02596191	0.02455212	0.02398417	0.02368711	0.01524004	0.01453828	0.01229301	0.0113867	0.01090095	0.01034387	0.007700327	0.002496618	0.001933485	0.001449935	0.0008080297	0.00037828	0.0003522808
65	0.2625528	0.1024822	0.07752275	0.0590382	0.05309947	0.05173541	0.03607133	0.03439725	0.03336755	0.02710773	0.02487623	0.02420125	0.02322317	0.02269948	0.02243365	0.01446421	0.01380898	0.01168214	0.01081536	0.01036431	0.009840442	0.007317795	0.002331813	0.001806198	0.001355844	0.0007528444	0.0003580218
66	0.8519393	0.2323111	0.09947817	0.07630041	0.05781366	0.05237145	0.05099945	0.03563248	0.03396318	0.03295523	0.02673315	0.02457138	0.02396823	0.02304544	0.02252444	0.02225989	0.01439474	0.0137442	0.01162862	0.01076798	0.01032032	0.009800043	0.007286927	0.002318887	0.001796512	0.001348769	0.0007484717
67	0.2855566	0.2790357	0.101075	0.03850678	0.02887732	0.0246612	0.02203553	0.02128976	0.01554445	0.01480233	0.01427835	0.0118794	0.0107183	0.0103739	0.009963569	0.009778598	0.009720969	0.005732018	0.00554395	0.004698692	0.004240307	0.004074788	0.003822272	0.002839822	0.0007167535	0.0005568767	0.0004273363
68	0.2083737	0.1748189	0.1726862	0.03620459	0.01530062	0.01127384	0.009400275	0.008297247	0.007844063	0.005932634	0.005628361	0.005409452	0.004439748	0.004066416	0.003922028	0.003752609	0.003691837	0.003683778	0.002133841	0.002075037	0.001774905	0.001558383	0.001513634	0.001439125	0.00111796	0.0001910516	0.0001509747
69	0.2253928	0.1969091	0.1650066	0.1637068	0.028918	0.01107039	0.008144098	0.007755876	0.007026138	0.006799867	0.005150214	0.004868009	0.004660546	0.003765245	0.003414206	0.003289742	0.003142319	0.003087778	0.003081863	0.001802224	0.001758616	0.00151768	0.001364183	0.001326064	0.001263779	0.0009960122	0.0001633582
70	0.4819116	0.2154131	0.1934213	0.1618352	0.1610575	0.02683853	0.01079558	0.007981457	0.007605175	0.006894615	0.006673	0.005051317	0.004771949	0.004566156	0.003681196	0.003360056	0.003236606	0.00309132	0.003043082	0.003037699	0.001773617	0.001731047	0.001493987	0.001343069	0.001305244	0.001243487	0.0009814937
71	0.8247089	0.3602466	0.2053719	0.1878846	0.1572905	0.1569242	0.02436983	0.009137396	0.006912663	0.006714535	0.006175025	0.006041962	0.004531667	0.004266045	0.004069012	0.003238143	0.002929527	0.002813695	0.002681363	0.002638177	0.002634706	0.001545398	0.001513468	0.001318377	0.001212683	0.001177955	0.001121632
72	0.8554822	0.8136248	0.3516495	0.1987717	0.181573	0.1570568	0.156695	0.02431019	0.009099377	0.006882632	0.006686767	0.006149785	0.006017528	0.004512737	0.004247666	0.004050908	0.003222992	0.002915123	0.002799353	0.002667295	0.002624226	0.00262075	0.001539156	0.001507498	0.001313405	0.0012086	0.001173982
73	0.8410539	0.8161601	0.777496	0.3430671	0.1932581	0.1769501	0.1558374	0.1555118	0.02371125	0.008777217	0.00661052	0.006416774	0.005914445	0.00578198	0.004372187	0.004156222	0.003960613	0.0031512	0.002846734	0.002731831	0.002601029	0.002558151	0.00255436	0.001495739	0.001464695	0.001280381	0.001181666
74	0.7280482	0.7039165	0.6822437	0.6420581	0.2177498	0.06810731	0.05196749	0.02976924	0.02754345	0.02346096	0.008604801	0.006446044	0.006253219	0.005752127	0.005617959	0.004219597	0.004002516	0.003805005	0.003131804	0.002828331	0.002713654	0.002583303	0.002540907	0.00253758	0.001484199	0.001453773	0.001271324
75	0.5274446	0.5262759	0.5269239	0.5188194	0.5213124	0.1103237	0.01042221	0.00735073	0.006182704	0.005939869	0.004264547	0.003489214	0.00281998	0.002799492	0.002664908	0.002649764	0.001950994	0.001848641	0.001746781	0.00139294	0.00122096	0.001150561	0.001094371	0.001071984	0.001067614	0.0004999338	0.0004867417
76	0.5483949	0.5164499	0.5164182	0.5179702	0.5163373	0.5193612	0.1084899	0.008876631	0.006340842	0.005270838	0.005025767	0.003649306	0.002971392	0.00264594	0.002624292	0.002505014	0.002487916	0.001866768	0.001768205	0.001665497	0.001358273	0.001190958	0.001123477	0.001067263	0.001044577	0.001039795	0.0004848693
77	0.1263575	0.1130781	0.1088145	0.1078485	0.1069398	0.1022538	0.1016303	0.1013783	0.003707404	0.002378952	0.001915721	0.001791309	0.001286459	0.001028917	0.0008848021	0.0008721048	0.0008300939	0.0008255058	0.0006352425	0.0006001455	0.0005634073	0.0004599995	0.0004225552	0.0004104062	0.0003941163	0.0003870797	0.0003853782
78	0.02487439	0.01645191	0.01159406	0.0101738	0.009458678	0.008645827	0.003825114	0.003070331	0.002430826	0.001772047	0.0009521008	0.0006813518	0.0006052445	0.0004604859	0.0003438497	0.0002695149	0.0002595535	0.0002442978	0.0002421186	0.0001682233	0.000161106	0.0001564583	0.0001294082	0.0001221569	0.000120048	0.0001156565	0.0001124695
79	0.2130899	0.02366476	0.0160739	0.01127971	0.00989156	0.0092082	0.008489158	0.003764012	0.003014638	0.002377949	0.001722128	0.0009460875	0.0006765392	0.0006007669	0.0004571281	0.0003410154	0.0002673268	0.0002575908	0.0002424347	0.0002402653	0.0001667705	0.0001597256	0.0001551535	0.0001283152	0.0001211341	0.0001191031	0.000114755
80	0.3281448	0.2098244	0.02347458	0.01598698	0.01124116	0.009853417	0.009174909	0.008455867	0.003757639	0.003009922	0.002373594	0.001718385	0.0009444677	0.0006752633	0.0005995209	0.0004562567	0.0003402771	0.0002666464	0.0002569124	0.000241808	0.0002396376	0.0001664216	0.0001593971	0.0001548346	0.0001281321	0.0001209712	0.000118947
81	0.7447741	0.3061499	0.1960717	0.0226458	0.01536802	0.01119074	0.009804671	0.009132083	0.008413581	0.00373663	0.002990208	0.002354157	0.001699256	0.0009257488	0.0006571273	0.0005811652	0.0004531831	0.0003373983	0.0002637837	0.0002540167	0.0002388997	0.0002366881	0.0001635538	0.0001564945	0.0001518908	0.0001279811	0.0001208328
82	0.6941931	0.6867429	0.2966653	0.1917743	0.02199645	0.01501735	0.01104612	0.009683754	0.009021323	0.00831418	0.00366471	0.002931445	0.002306314	0.00166295	0.0009014555	0.0006441619	0.0005694748	0.0004435717	0.0003319913	0.0002596564	0.0002500454	0.0002351823	0.0002330181	0.0001608026	0.0001538559	0.0001493339	0.0001257424
83	0.6422788	0.6304433	0.6231114	0.2366318	0.169767	0.02111391	0.01454013	0.01068334	0.009426056	0.0088173	0.008149306	0.003587122	0.002872695	0.002262428	0.001630739	0.000883184	0.0006289038	0.0005549943	0.000433942	0.0003239171	0.0002526966	0.0002431499	0.0002286182	0.0002264636	0.0001554415	0.0001486864	0.0001443402
84	0.768934	0.4970712	0.4839083	0.4750852	0.1940686	0.1298713	0.02060316	0.01441175	0.01062374	0.009368832	0.008762601	0.008095504	0.003563955	0.002851356	0.002242109	0.0016115	0.0008651891	0.0006111805	0.0005371639	0.0004293853	0.0003198138	0.0002486877	0.0002391037	0.0002245463	0.0002223377	0.0001513728	0.0001445684
85	0.5484239	0.4835356	0.2764308	0.2679002	0.2614113	0.1371741	0.09533593	0.0157224	0.01132948	0.008667044	0.007803314	0.007343856	0.006867296	0.002535746	0.001994717	0.001564834	0.001129437	0.000598219	0.0004257858	0.0003750455	0.0003013222	0.0002350143	0.0001866036	0.0001799058	0.0001695487	0.0001683222	0.0001124572
86	0.5330701	0.5110897	0.4527587	0.2554409	0.2473124	0.2409911	0.1258412	0.08556407	0.01439619	0.0102331	0.007664853	0.006920811	0.006480597	0.006134863	0.002440876	0.001923712	0.001507849	0.001088124	0.0005743929	0.0004081589	0.0003592373	0.0002883938	0.0002244874	0.0001780996	0.000171719	0.0001617796	0.0001605857
87	0.4870689	0.1893189	0.1884017	0.1649268	0.07055311	0.06896681	0.06791999	0.04337763	0.03487342	0.006552795	0.004990941	0.004227252	0.004115674	0.003959211	0.003930213	0.0007916179	0.0005568604	0.00043119	0.0003273643	0.0001639237	0.0001301143	0.0001205557	0.0001046796	8.899992e-05	7.962915e-05	7.797851e-05	7.485584e-05
88	0.1977068	0.1185191	0.09008	0.09046702	0.07254781	0.02846007	0.02818965	0.02814839	0.02174339	0.01988311	0.0046555	0.003686154	0.003465348	0.003485695	0.003381893	0.003414734	0.0003687652	0.0001984237	0.0001676666	0.0001445014	5.491118e-05	5.034001e-05	4.899145e-05	4.607692e-05	4.331598e-05	4.231873e-05	4.155252e-05
89	0.1435149	0.1374149	0.0726077	0.05936664	0.0598459	0.05876385	0.02159229	0.02145042	0.02148514	0.01717667	0.01598267	0.004408292	0.003525885	0.003357179	0.00338967	0.003294886	0.003333385	0.0003203972	0.0001559753	0.0001396625	0.0001240884	4.182405e-05	3.972772e-05	3.915286e-05	3.744788e-05	3.590852e-05	3.566506e-05
90	0.1107704	0.09478314	0.08971854	0.04616692	0.03993917	0.04030587	0.03961435	0.0157771	0.01573814	0.01579295	0.01311098	0.01242715	0.004189554	0.003381391	0.00326047	0.003296471	0.003202222	0.003241658	0.0002314569	0.0001244724	0.0001125008	0.0001049276	2.636905e-05	2.501214e-05	2.451433e-05	2.340004e-05	2.281368e-05
91	0.06715869	0.06147394	0.05685623	0.05264994	0.02920374	0.0250859	0.02530736	0.02465487	0.011591	0.01159142	0.0116253	0.01000232	0.009620001	0.003913855	0.003158688	0.003062894	0.003099924	0.003006406	0.003046042	0.0001394109	3.429894e-05	2.429233e-05	1.907243e-05	1.502979e-05	1.37235e-05	1.312391e-05	1.23591e-05
92	0.07189234	0.06429635	0.05895273	0.05444574	0.05110912	0.02837125	0.02433341	0.02454738	0.02391056	0.01128855	0.0112894	0.0113211	0.009750321	0.009392885	0.003879127	0.003133478	0.003040195	0.003077006	0.002983938	0.003023293	0.0001349355	3.32752e-05	2.328363e-05	1.81406e-05	1.41542e-05	1.341666e-05	1.281956e-05
93	0.05745341	0.0474955	0.0452187	0.04097269	0.03795508	0.03522206	0.01980404	0.01740059	0.01755441	0.01764114	0.008638851	0.008639027	0.008649592	0.007644581	0.007400112	0.002580563	0.001834901	0.001766991	0.001787221	0.001730765	0.001753272	0.0001006783	2.078582e-05	1.98546e-05	1.527605e-05	1.176332e-05	1.103199e-05
94	0.9308548	0.05311708	0.04359714	0.0415956	0.0373943	0.03455182	0.03183518	0.01773865	0.0163051	0.01644808	0.0165413	0.008243785	0.00824502	0.008252635	0.007329602	0.007126412	0.002439793	0.001779168	0.001722179	0.001741866	0.001686601	0.001708535	9.677599e-05	1.784031e-05	1.69126e-05	1.474136e-05	1.132178e-05
95	0.9412883	0.9219656	0.049847	0.04114123	0.0392997	0.0351155	0.03370335	0.031014	0.01731762	0.01592519	0.01606663	0.01616125	0.008078601	0.008081398	0.008089225	0.007198449	0.007005288	0.002422204	0.00176724	0.001711327	0.001731063	0.001676111	0.001697989	9.581238e-05	1.718837e-05	1.634788e-05	1.429223e-05
96	0.1174319	0.110329	0.09722541	0.03698682	0.03529116	0.03401375	0.03329855	0.03193899	0.02932624	0.01646845	0.01516179	0.01530705	0.0154049	0.007830225	0.007835338	0.00784257	0.00700675	0.006829164	0.002362093	0.001709109	0.001655048	0.001674169	0.001620543	0.001641737	9.244614e-05	1.47827e-05	1.39741e-05
97	0.1446099	0.1089431	0.1025186	0.08967579	0.03617076	0.03461909	0.03336951	0.03265634	0.03165937	0.02904833	0.01633085	0.01503755	0.0151817	0.01527903	0.007783949	0.007789274	0.007796265	0.006969289	0.006799951	0.00235616	0.001705555	0.001652323	0.001671425	0.001617864	0.001639029	9.187575e-05	1.428091e-05
98	0.9476452	0.119752	0.08634967	0.08026154	0.07442627	0.03497273	0.03407889	0.03289541	0.03224355	0.03125732	0.02866924	0.0161203	0.01484409	0.0149938	0.01511261	0.007715907	0.007725309	0.007734397	0.00693136	0.006765059	0.002343405	0.001693092	0.001640226	0.001659216	0.001606078	0.001627115	9.149518e-05
99	0.964773	0.9462832	0.1188676	0.08571852	0.0796529	0.07395171	0.03491138	0.03403256	0.03285224	0.03220061	0.03122007	0.02863217	0.01610287	0.01482841	0.01497797	0.01509671	0.007710534	0.007719965	0.00772902	0.006927425	0.006761473	0.002342608	0.001692815	0.001639992	0.001658979	0.001605853	0.001626888
100	0.9797997	0.9469675	0.9358558	0.1087804	0.07632405	0.07279434	0.06770423	0.03233768	0.03150485	0.03041521	0.02976803	0.02908408	0.02649946	0.01508363	0.01391394	0.01405548	0.01416596	0.007443292	0.007455528	0.007463909	0.006731808	0.006587145	0.002333098	0.001689134	0.00163819	0.001657269	0.001604166
101	0.9398422	0.9387178	0.9130418	0.9026519	0.1060828	0.07384927	0.07051917	0.0659987	0.03090632	0.0301248	0.0290723	0.02882152	0.02816527	0.02559269	0.01463134	0.01350354	0.01364188	0.01375174	0.007273986	0.007297966	0.007344365	0.006656994	0.006518957	0.002329903	0.001687175	0.001636829	0.001655968
102	0.9314081	0.9274725	0.9265287	0.9010674	0.893607	0.09704524	0.0731468	0.06996873	0.06549213	0.03059536	0.02981524	0.028775	0.02852642	0.02791441	0.02534203	0.01451937	0.01340414	0.01354147	0.01365036	0.007245086	0.007269308	0.007315544	0.006635571	0.006499783	0.002327891	0.001686734	0.001636606
103	0.9289844	0.9264352	0.9229968	0.9221379	0.8977062	0.8903091	0.09444264	0.07076431	0.06822225	0.06402114	0.02913728	0.02836289	0.02738965	0.02715189	0.02658251	0.02401282	0.0138911	0.01283778	0.01297192	0.01307675	0.006992514	0.007026868	0.007094808	0.006520361	0.006391857	0.00231252	0.0016729
104	0.113557	0.1000972	0.09898352	0.0966559	0.09607324	0.09335917	0.08620802	0.08540291	0.06210919	0.0603965	0.05694625	0.02212556	0.02136992	0.0204721	0.0203995	0.01988898	0.01987056	0.01068687	0.009718362	0.00981727	0.009886132	0.004259617	0.004264661	0.004302078	0.003772491	0.003624499	0.00230532
105	0.1147573	0.08820706	0.07638221	0.0754067	0.07354077	0.07296863	0.07035613	0.0656912	0.06497764	0.06066819	0.05934689	0.05600919	0.02120242	0.02044763	0.01956224	0.019493	0.01899409	0.01897584	0.009994656	0.009041299	0.009132472	0.009193389	0.00364393	0.003642137	0.003672113	0.003144094	0.002991105
106	0.9835665	0.1127199	0.08661178	0.07489712	0.07394255	0.07220791	0.07191085	0.06939459	0.06499843	0.06431179	0.06029824	0.05903262	0.05573183	0.02093811	0.02018467	0.01934632	0.01927748	0.0187834	0.01876533	0.009847903	0.008904793	0.008994823	0.009056504	0.00354547	0.003543153	0.003572272	0.00305217
107	0.9959219	0.9806835	0.1110194	0.08516738	0.07353681	0.0725908	0.07098232	0.07068785	0.06819037	0.06413252	0.0634512	0.06000038	0.05876837	0.05549012	0.02078853	0.02003524	0.01920256	0.01913442	0.01864603	0.01862805	0.009782648	0.008846026	0.008935874	0.008997268	0.003524199	0.003522372	0.003551691
108	0.1287482	0.1257719	0.1123476	0.04948563	0.04193318	0.03517622	0.03448453	0.03333414	0.03305353	0.03076159	0.03013505	0.02948112	0.02729008	0.02615782	0.02301716	0.01848167	0.01772987	0.01696996	0.01691225	0.01648719	0.01647007	0.00864777	0.00781516	0.007896292	0.007947877	0.003213638	0.003214783
109	0.04838414	0.04651103	0.04567771	0.04313514	0.02264179	0.0187773	0.01366544	0.01351356	0.01313931	0.01296881	0.01235833	0.01210372	0.01200028	0.01135362	0.01049826	0.009925358	0.005510105	0.005231587	0.004886988	0.00487875	0.004745643	0.004742702	0.002299688	0.002037211	0.002055948	0.002073597	0.0006358714
110	0.03909206	0.01706814	0.01643891	0.01621869	0.01508629	0.00952649	0.008807682	0.007409777	0.007286614	0.007106229	0.006969558	0.006593792	0.006452868	0.006392189	0.005873433	0.005217205	0.004739179	0.004418878	0.004141728	0.003933009	0.003926448	0.003818037	0.003815503	0.001789441	0.0015895	0.001604747	0.001618738
111	0.01370492	0.006824939	0.006051003	0.005748746	0.005673222	0.005407584	0.003829865	0.00361159	0.002305614	0.00228852	0.002239719	0.00212472	0.002033873	0.001964228	0.001946905	0.001833319	0.001251582	0.001143609	0.0009362457	0.0009225258	0.0008227393	0.0008210945	0.0007983824	0.0007976811	0.0003876047	0.000339274	0.0003412443
112	0.01499906	0.003348041	0.001931087	0.001760533	0.001553224	0.00151302	0.00142514	0.0009092085	0.0008465702	0.0008108407	0.0007994692	0.0007882081	0.0006971031	0.0006564423	0.0006330567	0.0006259007	0.0006062552	0.0001748822	0.0001389031	0.0001331525	0.000120223	0.0001135938	0.0001128923	0.000109549	0.0001091174	5.757014e-05	5.215378e-05
113	0.04572121	0.007205156	0.001922246	0.001257752	0.001189576	0.001010704	0.0009918786	0.0009598558	0.0007492511	0.0007013256	0.0006685611	0.0006649237	0.0006569832	0.0005677812	0.0005540518	0.0005331015	0.0005278721	0.0005157066	9.357086e-05	6.317191e-05	5.813236e-05	5.74613e-05	5.265924e-05	5.221987e-05	5.0505e-05	5.044147e-05	2.875121e-05
114	0.1021449	0.01131271	0.003501457	0.001171734	0.0008351348	0.0008056404	0.0006429223	0.0006299244	0.0006086646	0.0004674266	0.0004283817	0.0004227842	0.0004198572	0.0004157679	0.0003561641	0.0003472152	0.0003366033	0.0003324672	0.0003257738	5.187266e-05	3.273585e-05	2.974174e-05	2.932974e-05	2.856932e-05	2.816866e-05	2.753431e-05	2.749934e-05
115	0.4414926	0.09458451	0.01040426	0.003266154	0.001116804	0.0008083766	0.0007799577	0.0006193811	0.0006074488	0.0005881948	0.000456199	0.0004176141	0.0004121758	0.0004098309	0.0004058983	0.0003472732	0.0003392105	0.0003288378	0.0003250576	0.0003186788	4.871044e-05	3.001825e-05	2.708575e-05	2.668423e-05	2.599447e-05	2.592751e-05	2.535585e-05
116	0.7410831	0.4186772	0.08953051	0.00970438	0.0030839	0.001083261	0.0007861453	0.0007593604	0.0005994266	0.0005878824	0.0005692339	0.0004388666	0.000401595	0.0003965609	0.0003942927	0.0003907183	0.0003333378	0.0003258242	0.0003166095	0.0003129736	0.0003072626	4.603347e-05	2.890059e-05	2.618192e-05	2.580686e-05	2.51561e-05	2.509993e-05
117	0.4512943	0.4242809	0.203075	0.03931629	0.003620382	0.001023223	0.000328728	0.0002617921	0.0002577573	0.000100738	9.160748e-05	8.812648e-05	5.696126e-05	4.999626e-05	4.904297e-05	4.86127e-05	4.714978e-05	4.323682e-05	4.161685e-05	3.728527e-05	3.6859e-05	3.43597e-05	1.27133e-05	8.76853e-06	8.223534e-06	8.148344e-06	7.917974e-06
118	0.1589336	0.1500668	0.1333795	0.08702711	0.01980163	0.002069962	0.0006977928	0.0002521779	0.0002078949	0.0002055206	5.063234e-05	4.238719e-05	3.994088e-05	3.1116e-05	2.724643e-05	2.672523e-05	2.643068e-05	2.552278e-05	2.331143e-05	2.239082e-05	2.000022e-05	1.977377e-05	1.824477e-05	8.508534e-06	6.62774e-06	6.370513e-06	6.338876e-06
119	0.142404	0.1070363	0.1025023	0.09072182	0.0639395	0.01505186	0.001577895	0.0005190398	0.0002175476	0.0001829043	0.0001813236	3.077401e-05	2.397165e-05	2.206739e-05	1.680156e-05	1.4467e-05	1.415423e-05	1.392389e-05	1.335463e-05	1.211016e-05	1.157925e-05	1.029827e-05	1.017818e-05	9.224919e-06	6.065569e-06	5.301551e-06	5.199024e-06
120	0.7130109	0.1388455	0.1055583	0.1011985	0.08961179	0.06310915	0.01490291	0.001555294	0.0005125368	0.0002144197	0.0001819345	0.0001803835	2.98476e-05	2.305183e-05	2.134763e-05	1.615042e-05	1.384649e-05	1.354153e-05	1.331372e-05	1.275625e-05	1.158095e-05	1.106112e-05	9.81807e-06	9.702729e-06	8.770238e-06	5.987557e-06	5.259249e-06
121	0.4755426	0.3720438	0.08474119	0.06615982	0.06466706	0.05510994	0.03926136	0.008361652	0.0008037449	0.0002026174	3.70643e-05	2.034869e-05	1.966871e-05	1.270817e-05	1.126981e-05	1.058649e-05	9.081986e-06	8.158492e-06	8.015039e-06	7.949727e-06	7.709891e-06	7.202022e-06	6.918165e-06	6.349186e-06	6.282564e-06	5.875104e-06	3.192105e-06
122	0.4339707	0.3205276	0.3048734	0.06255576	0.04882559	0.04782014	0.03915385	0.02840421	0.005452213	0.0005302795	0.0001272456	1.968228e-05	9.643662e-06	9.270706e-06	7.651477e-06	7.346278e-06	7.017375e-06	6.173316e-06	5.627164e-06	5.539027e-06	5.510887e-06	5.367159e-06	5.044082e-06	4.857197e-06	4.477465e-06	4.431264e-06	4.178876e-06
123	0.0829695	0.08197582	0.07114103	0.06380853	0.01969256	0.01617937	0.01616169	0.009539639	0.007161119	0.001206706	0.0001157845	2.430588e-05	2.347331e-06	6.981594e-07	6.288876e-07	5.966982e-07	5.848822e-07	5.351027e-07	4.72098e-07	4.441755e-07	4.369873e-07	4.34332e-07	4.22687e-07	4.092622e-07	3.98982e-07	3.863628e-07	3.840255e-07
124	0.08994581	0.07773912	0.07681277	0.0663122	0.05905573	0.019492	0.01601067	0.01599532	0.009382012	0.007040016	0.001184971	0.0001130957	2.374591e-05	2.207209e-06	6.360135e-07	5.687348e-07	5.424172e-07	5.317384e-07	4.89186e-07	4.310886e-07	4.064686e-07	3.99821e-07	3.973377e-07	3.865313e-07	3.755037e-07	3.664951e-07	3.564809e-07
125	0.2948977	0.0888462	0.07716291	0.07624383	0.06606651	0.05886336	0.01939417	0.01596036	0.01594514	0.009334104	0.007010227	0.001178877	0.0001125531	2.360811e-05	2.188584e-06	6.29419e-07	5.626528e-07	5.364868e-07	5.258602e-07	4.839562e-07	4.267527e-07	4.028445e-07	3.96305e-07	3.938443e-07	3.831688e-07	3.722693e-07	3.635314e-07
126	0.536863	0.2883082	0.08848582	0.07688857	0.07597366	0.06588102	0.05870387	0.01926144	0.01590528	0.01589021	0.009281104	0.006982823	0.001167504	0.0001105848	2.195583e-05	2.171375e-06	6.220086e-07	5.565147e-07	5.308189e-07	5.205688e-07	4.791681e-07	4.228378e-07	3.994927e-07	3.930609e-07	3.906192e-07	3.80085e-07	3.692877e-07
127	0.8635307	0.4459258	0.2045219	0.01983177	0.01812441	0.01779742	0.008341535	0.001695398	0.001120031	0.000900571	0.0008879122	0.0007855692	0.0005494038	0.0001501756	1.225443e-05	3.184584e-06	5.21366e-07	2.583545e-07	2.183022e-07	1.971379e-07	1.890771e-07	1.743988e-07	1.320158e-07	1.158702e-07	1.117752e-07	1.097761e-07	1.009641e-07
128	0.2673479	0.258209	0.2447171	0.1682342	0.01260267	0.01112578	0.01098235	0.001872828	0.00109932	0.0007529671	0.000656616	0.0006451081	0.0005992216	0.0004109972	9.94582e-05	9.543953e-06	2.629451e-06	4.557647e-07	2.353813e-07	1.970739e-07	1.766556e-07	1.68781e-07	1.55654e-07	1.175464e-07	1.029152e-07	9.928419e-08	9.737507e-08
129	0.1794354	0.1239561	0.1196197	0.1181617	0.08484669	0.004979497	0.003766886	0.00366301	0.001131009	0.000740604	0.0004868329	0.000452507	0.0004491712	0.0004210761	0.0002858255	7.046573e-05	6.731171e-06	1.827676e-06	2.653707e-07	1.066911e-07	9.350321e-08	8.527108e-08	8.229793e-08	7.219306e-08	4.345598e-08	3.547025e-08	3.30088e-08
130	0.165492	0.1464631	0.09678325	0.09377698	0.0928568	0.06210561	0.004643435	0.003540096	0.003463631	0.001041232	0.0006653437	0.000433008	0.000403887	0.000400736	0.0003755353	0.0002543774	6.245891e-05	6.012741e-06	1.649172e-06	2.411312e-07	9.860698e-08	8.591884e-08	7.867255e-08	7.622176e-08	6.728072e-08	4.027084e-08	3.269617e-08
131	0.2261502	0.1158093	0.1017118	0.09133422	0.08857257	0.08799687	0.05851765	0.004473991	0.003417884	0.003377515	0.0009990748	0.0006306107	0.0004089899	0.0003809846	0.0003779361	0.0003561993	0.0002410334	5.913077e-05	5.65058e-06	1.569338e-06	2.27653e-07	9.311162e-08	8.069562e-08	7.452688e-08	7.236072e-08	6.377587e-08	3.776417e-08
132	0.5002669	0.174594	0.1041742	0.09195422	0.08549065	0.082911	0.08235072	0.05313209	0.004217481	0.003185068	0.003145831	0.0009139516	0.0005672742	0.0003569688	0.0003301478	0.0003271372	0.0003080748	0.0002102143	5.344963e-05	5.134757e-06	1.440986e-06	2.126142e-07	8.971758e-08	7.762823e-08	7.157142e-08	6.954343e-08	6.163714e-08
133	0.5795589	0.1940288	0.08911129	0.05820685	0.05368781	0.04879137	0.04706068	0.04670671	0.0302987	0.002727073	0.00261784	0.002596771	0.0006437929	0.000358199	0.0002304713	0.0002138888	0.0002118356	0.0001992644	0.0001359852	3.4078e-05	3.242922e-06	8.870117e-07	1.286475e-07	5.229942e-08	4.585047e-08	4.052018e-08	3.922874e-08
134	0.1383157	0.118976	0.05523056	0.03663193	0.02372736	0.02266592	0.01956409	0.01871187	0.01864271	0.0180114	0.000924473	0.0008546169	0.0008448146	0.0005040595	0.000247243	0.0001688863	0.0001567486	0.0001551406	0.0001469345	0.0001004737	2.520317e-05	2.366459e-06	6.33373e-07	9.068162e-08	3.550017e-08	3.181317e-08	2.684376e-08
135	0.1409249	0.07475417	0.05868839	0.0329056	0.02472284	0.02042188	0.01964333	0.01664645	0.0160252	0.01600184	0.0154361	0.0005609207	0.0005041906	0.0004960842	0.0002695509	0.0002089904	0.0001436042	0.0001336325	0.0001325569	0.000125533	8.586324e-05	2.136541e-05	2.007297e-06	5.376019e-07	7.420691e-08	2.727326e-08	2.384871e-08
136	0.417668	0.06751689	0.04870448	0.04117233	0.02038717	0.01451981	0.01171593	0.0113342	0.009744553	0.00937285	0.009361084	0.009215449	0.0003572754	0.0003228499	0.0003185834	0.0001810926	0.0001423239	0.0001006213	9.411252e-05	9.33357e-05	8.850347e-05	6.050485e-05	1.49002e-05	1.386763e-06	3.638738e-07	4.91581e-08	1.722425e-08
137	0.5948609	0.1299707	0.06079687	0.04439726	0.03781485	0.01722968	0.01337639	0.01111442	0.01079525	0.00921335	0.008888191	0.00887683	0.008756957	0.0003324758	0.0002998741	0.0002957727	0.0001682687	0.0001323636	9.279559e-05	8.658099e-05	8.590515e-05	8.142896e-05	5.583801e-05	1.392945e-05	1.297701e-06	3.41244e-07	4.601304e-08
138	0.6862768	0.5271648	0.07666603	0.03569789	0.02035117	0.01474455	0.0108132	0.009467169	0.007939421	0.007704713	0.007575108	0.007304201	0.007296632	0.007193996	0.0002702932	0.0002418806	0.0002378675	0.0001322611	0.0001014244	6.831601e-05	6.248949e-05	6.183107e-05	5.849343e-05	4.036891e-05	1.038923e-05	9.778514e-07	2.618848e-07
139	0.7432232	0.5235398	0.4781864	0.04831981	0.02205914	0.00736409	0.003208935	0.002415286	0.001806041	0.001220702	0.001121971	0.00110389	0.001061541	0.001057767	0.001029804	7.331814e-05	6.827755e-05	6.777642e-05	4.209296e-05	3.318657e-05	2.528126e-05	2.312992e-05	2.278794e-05	2.162695e-05	1.504682e-05	3.800431e-06	3.462916e-07
140	0.5400521	0.476078	0.4639773	0.4376647	0.01752971	0.01618599	0.002193102	0.001430355	0.0006600002	0.0004446482	0.0001961009	0.0001550986	0.0001445772	0.0001388454	0.0001358816	0.0001294703	1.919869e-05	1.839844e-05	1.820695e-05	1.183481e-05	9.72272e-06	8.33907e-06	7.542369e-06	7.493568e-06	7.123496e-06	5.005197e-06	1.118581e-06
141	0.5572645	0.4867891	0.4441436	0.4387047	0.4347409	0.01696083	0.01595175	0.001971432	0.001289974	0.0005330802	0.0003283082	0.0001548748	0.0001262917	0.0001239023	0.0001191119	0.0001161847	0.0001107026	1.415062e-05	1.351875e-05	1.344475e-05	1.007756e-05	8.097496e-06	6.807764e-06	6.035242e-06	5.987532e-06	5.689245e-06	4.042959e-06
142	0.4895268	0.4641821	0.4555495	0.4150759	0.4147832	0.411857	0.01628559	0.01564335	0.001681579	0.001157945	0.0004027922	0.0002152431	7.910372e-05	5.678908e-05	5.499959e-05	5.249871e-05	4.960504e-05	4.741536e-05	7.915567e-06	7.553603e-06	7.506309e-06	6.413625e-06	5.83331e-06	4.979303e-06	4.284536e-06	4.253405e-06	4.040471e-06
143	0.5883217	0.4729511	0.4529675	0.4518266	0.4114145	0.4112919	0.4085793	0.01314598	0.01255089	0.001639288	0.001129338	0.0003751869	0.0001904906	6.410905e-05	4.350208e-05	4.182583e-05	3.963851e-05	3.778894e-05	3.639461e-05	6.480424e-06	6.169774e-06	6.13409e-06	5.344322e-06	4.885667e-06	4.113658e-06	3.47105e-06	3.4409e-06
144	0.4623726	0.4422019	0.4287892	0.4241569	0.4239581	0.3949818	0.3949591	0.3940931	0.001696349	0.001343066	0.001310967	0.0009837995	0.0002331275	5.625517e-05	2.766167e-05	2.397294e-05	2.31792e-05	2.198135e-05	2.107881e-05	2.037226e-05	2.041379e-06	1.919842e-06	1.899374e-06	1.528355e-06	1.290808e-06	8.882986e-07	8.449228e-07
145	0.03142378	0.01818995	0.007181393	0.004514321	0.002001571	0.001912486	0.001761474	0.001744767	0.001349079	0.001233764	0.001000867	0.0009742024	0.0009611949	0.000210728	3.593349e-05	1.241673e-05	9.521548e-06	8.7803e-06	8.304475e-06	7.421234e-06	6.81893e-06	1.267997e-06	1.202382e-06	1.186834e-06	9.52144e-07	7.698345e-07	5.430173e-07
146	0.0422734	0.02426598	0.01269603	0.003460358	0.002021778	0.001495102	0.001450898	0.001398851	0.001394735	0.001209542	0.001130184	0.00098871	0.0009634366	0.0009540067	0.0002050192	3.053428e-05	9.131252e-06	6.593448e-06	5.883333e-06	5.660696e-06	4.779517e-06	4.304308e-06	8.550843e-07	8.009695e-07	7.859081e-07	5.879301e-07	4.758382e-07
147	0.3735154	0.03923476	0.02226812	0.01212561	0.003138867	0.001888342	0.001422275	0.001382087	0.001338155	0.001334439	0.001179324	0.001112047	0.0009791304	0.000959647	0.0009517195	0.0002027695	2.85529e-05	8.425338e-06	6.091156e-06	5.385049e-06	5.199904e-06	4.319641e-06	3.864891e-06	7.081213e-07	6.570718e-07	6.421156e-07	4.497566e-07
148	0.9041259	0.3547309	0.03632428	0.01993735	0.01129838	0.002539074	0.001642706	0.001237027	0.001200263	0.001168816	0.001165627	0.001057608	0.001001521	0.0009760043	0.0009566797	0.0009493257	0.0002014204	2.732007e-05	7.75654e-06	5.525974e-06	4.825814e-06	4.668307e-06	3.788932e-06	3.346617e-06	6.515086e-07	6.02144e-07	5.874345e-07
149	0.9016495	0.8955408	0.3520259	0.03584884	0.01958283	0.01114159	0.002422685	0.001557959	0.001183823	0.001147999	0.00112387	0.001120741	0.001021054	0.000979276	0.0009554432	0.0009548335	0.0009480047	0.000200113	2.623059e-05	7.528579e-06	5.384885e-06	4.686147e-06	4.534496e-06	3.655626e-06	3.233426e-06	5.75387e-07	5.269614e-07
150	0.4570431	0.4508211	0.4457862	0.2800674	0.01731892	0.005113199	0.002825983	0.001374816	0.0007387147	0.0003903271	0.0003797679	0.0003576624	0.0003547522	0.0002656274	0.0002287466	0.0002057135	0.000205113	0.0001988485	0.0001987548	2.491525e-05	6.662128e-06	4.600688e-06	4.570146e-06	4.420215e-06	3.542701e-06	3.192993e-06	5.558047e-07
151	0.4427015	0.3973964	0.3923804	0.3887064	0.2645442	0.01525503	0.003388359	0.001715092	0.0009993263	0.0004562618	0.0001788532	0.0001705342	0.0001521052	0.0001492598	7.562153e-05	4.710753e-05	2.682179e-05	2.632175e-05	2.360917e-05	2.353915e-05	2.318817e-05	5.806901e-06	3.863466e-06	3.834875e-06	3.734273e-06	2.846548e-06	2.500385e-06
152	0.2563285	0.1607563	0.1329089	0.1298369	0.1270959	0.02014687	0.01438528	0.002595925	0.001035407	0.0005536697	0.0001670871	0.0001307292	0.0001238577	0.0001094242	0.0001066346	4.769338e-05	2.328524e-05	9.511077e-06	9.145575e-06	7.002683e-06	6.94586e-06	6.699352e-06	4.98839e-06	3.077939e-06	3.051968e-06	2.984656e-06	2.086458e-06
153	0.2272357	0.2244381	0.1365152	0.1136017	0.1108743	0.1086081	0.006408467	0.001589288	0.001095446	0.0008305555	0.0004566537	0.000139456	0.0001089499	0.0001050887	9.318436e-05	9.040096e-05	3.985802e-05	1.801889e-05	7.124062e-06	6.827177e-06	4.869067e-06	4.817349e-06	4.602572e-06	3.007963e-06	2.721636e-06	2.696559e-06	2.643996e-06
154	0.1968275	0.1654742	0.1647564	0.12584	0.1070584	0.1058873	0.1040331	0.005366125	0.001266366	0.0008545449	0.0006941131	0.0003805236	0.0001188801	9.310379e-05	8.980114e-05	7.979879e-05	7.703874e-05	3.482702e-05	1.534074e-05	6.315549e-06	6.069466e-06	4.399177e-06	4.355335e-06	4.157093e-06	2.789202e-06	2.548348e-06	2.540841e-06
155	0.1997064	0.1337833	0.1203559	0.119967	0.1156573	0.1010932	0.1006945	0.09922921	0.004349492	0.0009886612	0.0006568326	0.0005276142	0.0003047945	9.729495e-05	7.564751e-05	7.285809e-05	6.513374e-05	6.467909e-05	2.946686e-05	1.194137e-05	4.846765e-06	4.649522e-06	3.162458e-06	3.123858e-06	2.936203e-06	1.6973e-06	1.487505e-06
156	0.04591558	0.04020317	0.03502342	0.02858448	0.02828322	0.02672189	0.01621384	0.01603111	0.01494161	0.003371001	0.0007474141	0.0004925753	0.0003901618	0.0002306484	7.922768e-05	6.197286e-05	5.980179e-05	5.39323e-05	5.350251e-05	2.544747e-05	9.214766e-06	4.091947e-06	3.945287e-06	2.603825e-06	2.569127e-06	2.392052e-06	1.238081e-06
157	0.08227115	0.02414412	0.02254299	0.02128454	0.01728481	0.01711209	0.0161788	0.009618919	0.009513086	0.00887902	0.001631964	0.00046507	0.0002866895	0.0002206372	0.0001209573	3.202345e-05	2.485727e-05	2.3821e-05	2.07517e-05	2.040766e-05	8.197721e-06	4.557534e-06	1.350344e-06	1.260594e-06	9.216529e-07	9.133136e-07	8.72626e-07
158	0.01679513	0.01309257	0.01109641	0.01059181	0.009931973	0.008129663	0.007997364	0.007603747	0.004520015	0.004460409	0.004163065	0.0007432819	0.0002067576	0.0001288565	0.0001038325	5.573645e-05	1.464433e-05	1.140408e-05	1.088429e-05	9.399972e-06	9.07818e-06	3.671717e-06	2.287973e-06	7.199311e-07	6.747131e-07	5.40714e-07	5.376345e-07
159	0.3956461	0.01192797	0.009186509	0.00725283	0.006790491	0.006308994	0.005166922	0.005063835	0.004727357	0.002820361	0.002774008	0.002589056	0.0004666292	0.000138354	8.373796e-05	6.641507e-05	3.521633e-05	9.635725e-06	7.535239e-06	7.136363e-06	6.154008e-06	5.841288e-06	2.490522e-06	1.595835e-06	5.612097e-07	5.306995e-07	4.466384e-07
160	0.2457482	0.1345737	0.007251232	0.005402971	0.004743828	0.004377343	0.004019908	0.003274719	0.003191474	0.002991751	0.00179118	0.001752931	0.001635421	0.0002897425	8.192233e-05	5.758778e-05	4.459791e-05	2.327676e-05	6.614785e-06	5.154918e-06	4.87786e-06	4.202408e-06	3.956796e-06	1.78347e-06	1.168231e-06	4.409219e-07	4.191652e-07
161	0.616171	0.2166698	0.1232468	0.006158016	0.00444743	0.00385618	0.003503758	0.003192463	0.002597804	0.002520357	0.002347442	0.001411342	0.001376142	0.00128371	0.0002271733	6.411084e-05	4.540307e-05	3.657237e-05	1.887948e-05	5.524043e-06	4.295376e-06	4.054615e-06	3.494367e-06	3.259311e-06	1.528995e-06	1.00893e-06	3.947249e-07
162	0.8386344	0.5568728	0.166881	0.07979388	0.005175958	0.003611092	0.003125799	0.002800027	0.002522248	0.002038124	0.002031769	0.001871458	0.001130417	0.001097283	0.001023309	0.0001813244	5.185095e-05	3.708002e-05	2.941292e-05	1.534908e-05	4.492768e-06	3.474973e-06	3.257198e-06	2.781767e-06	2.775672e-06	1.359496e-06	8.990671e-07
163	0.213327	0.1826144	0.1713297	0.09275068	0.04846114	0.003994346	0.002782721	0.002430763	0.00215477	0.001908243	0.001536463	0.001530863	0.001383682	0.0008448222	0.000813521	0.0007585587	0.0001379436	4.112123e-05	2.994969e-05	2.342578e-05	1.191757e-05	3.541803e-06	2.717269e-06	2.632754e-06	2.237444e-06	2.232418e-06	1.150781e-06
164	0.2176362	0.1349994	0.1280763	0.1240844	0.07405079	0.04196382	0.00212774	0.001775833	0.001469901	0.001437368	0.001287635	0.001030773	0.001025947	0.0009330535	0.000580217	0.0005507382	0.000514243	9.666556e-05	3.06213e-05	2.264145e-05	1.726483e-05	8.460143e-06	2.441788e-06	1.869154e-06	1.808942e-06	1.542264e-06	1.538683e-06
165	0.2741839	0.1658557	0.09830262	0.09586493	0.09326662	0.06277252	0.03845776	0.001119679	0.0009034895	0.0007758478	0.0007514537	0.000672486	0.0005312014	0.0005271359	0.0004706459	0.0003102807	0.0002826463	0.0002648454	5.694902e-05	2.085131e-05	1.596683e-05	1.166816e-05	5.386741e-06	1.581926e-06	1.178542e-06	1.135758e-06	9.778297e-07
166	0.7699848	0.2412754	0.1619713	0.09542695	0.0933774	0.09137506	0.06223387	0.03802852	0.001031027	0.0008248941	0.0007075176	0.0006915137	0.0006146904	0.0004860915	0.0004820546	0.0004265295	0.0002851085	0.0002573138	0.0002412659	5.345785e-05	2.011997e-05	1.550186e-05	1.125538e-05	5.149917e-06	1.528011e-06	1.1339e-06	1.091958e-06
167	0.5370984	0.5142612	0.1981544	0.141613	0.08190065	0.08110928	0.08002604	0.05651212	0.03667027	0.0008050403	0.0006624752	0.0005742747	0.0005625277	0.0005136508	0.0004045951	0.000400661	0.0003787874	0.0002570827	0.0002292191	0.0002153705	4.803543e-05	1.824957e-05	1.395569e-05	9.856513e-06	4.333301e-06	1.10412e-06	7.83485e-07
168	0.4922266	0.4809439	0.4619897	0.1839497	0.1353149	0.07972099	0.07903366	0.07802791	0.05592784	0.03677162	0.0007447026	0.0006099763	0.0005233272	0.0005122798	0.0004673977	0.0003658687	0.0003624431	0.0003447419	0.0002358427	0.0002077598	0.0001952002	4.219219e-05	1.454788e-05	1.054578e-05	9.419261e-06	4.084272e-06	1.01622e-06
169	0.4672354	0.4179377	0.410033	0.3951846	0.1690609	0.1290362	0.07487296	0.07436948	0.07351188	0.05385689	0.03647151	0.0005748336	0.0004574707	0.0004399756	0.0004327026	0.0003947103	0.0003242425	0.0003236828	0.0003116861	0.0002151727	0.0001872016	0.0001760632	3.694228e-05	1.151288e-05	7.839638e-06	6.816225e-06	3.290981e-06
170	0.5113181	0.3143548	0.2771572	0.2713223	0.2614529	0.1089165	0.0773262	0.07144915	0.07111741	0.07037472	0.05306053	0.03640686	0.0004341216	0.0003424106	0.0003320083	0.0003265248	0.0002958208	0.000238457	0.0002380097	0.0002304838	0.0001554034	0.0001541414	0.0001452128	3.070376e-05	9.258425e-06	6.16035e-06	5.288452e-06
171	0.507054	0.4804488	0.2834027	0.2483777	0.2429102	0.2341387	0.09942893	0.07109863	0.06692376	0.06671704	0.06634394	0.05264479	0.0366767	0.0003718342	0.0002883698	0.0002798033	0.00027545	0.0002484821	0.0001998495	0.0001994637	0.0001926834	0.0001322787	0.0001312107	0.0001244052	2.681053e-05	8.045489e-06	5.362449e-06
172	0.2532699	0.2251159	0.207379	0.1946152	0.1871932	0.1851946	0.1792176	0.07769494	0.05639644	0.052682	0.05250394	0.05222163	0.03947996	0.0365483	0.0003129587	0.0002371424	0.0002303849	0.0002267881	0.0002026006	0.0001626091	0.0001623429	0.0001561996	0.0001102476	0.0001093609	0.0001040134	2.325024e-05	7.015335e-06
173	0.2356658	0.1472393	0.142235	0.1272217	0.1230416	0.1185322	0.1175317	0.1127821	0.0316708	0.01480651	0.01126946	0.01112571	0.01092359	0.003539731	0.001252096	0.0002436483	0.000175082	0.0001696366	0.0001667569	0.0001459927	0.0001226072	0.0001224092	0.0001170521	8.605719e-05	8.538599e-05	8.163357e-05	1.922719e-05
174	0.2276047	0.1560176	0.1158662	0.1123458	0.1077593	0.1048327	0.1008864	0.1000696	0.09632975	0.02782359	0.01329514	0.009802348	0.009676655	0.00950003	0.003029179	0.001029899	0.0001606051	0.0001224521	0.0001177234	0.0001152466	9.661813e-05	8.210489e-05	8.196893e-05	8.003111e-05	6.344836e-05	6.295072e-05	6.069246e-05
175	0.4727215	0.1029762	0.08556194	0.07033304	0.06774359	0.06347674	0.06109898	0.05820537	0.05771053	0.05589674	0.0175138	0.009862764	0.006565396	0.006483451	0.006376002	0.001931344	0.0005965552	0.0001098565	9.087378e-05	8.823765e-05	8.688728e-05	7.501347e-05	6.490741e-05	6.480297e-05	6.372293e-05	5.008726e-05	4.974757e-05
176	0.3161265	0.226033	0.07711934	0.06242859	0.05106676	0.0506735	0.04811665	0.04587835	0.04333697	0.04297532	0.04167064	0.01329536	0.007906831	0.004648248	0.004581864	0.004500227	0.001362854	0.0004195551	7.693809e-05	6.447936e-05	6.251096e-05	6.154942e-05	5.183191e-05	4.380629e-05	4.372469e-05	4.293115e-05	3.253408e-05
177	0.276458	0.2140407	0.1752221	0.06192522	0.04751049	0.0364259	0.03605101	0.03398732	0.03359529	0.03135234	0.03107739	0.03014798	0.009687204	0.006199749	0.002969349	0.002930174	0.002876085	0.0008630008	0.0002692471	4.812727e-05	4.044117e-05	3.903644e-05	3.840228e-05	3.407192e-05	2.739711e-05	2.73469e-05	2.676468e-05
178	0.1468567	0.1180035	0.07010598	0.0555853	0.04443897	0.02995981	0.02667514	0.0263162	0.02456866	0.02432374	0.0223417	0.02213263	0.02147614	0.007039279	0.004744037	0.001512073	0.001483177	0.001445297	0.0004661644	0.0001655182	3.038309e-05	2.547274e-05	2.443713e-05	2.400439e-05	2.095587e-05	1.709628e-05	1.70672e-05
179	0.1010594	0.09444845	0.07046513	0.04456872	0.04051679	0.03380973	0.02038519	0.01763055	0.01743469	0.01585608	0.01566067	0.01384292	0.01370793	0.01333829	0.005408343	0.004085997	0.0008440424	0.000825657	0.0008006308	0.000261428	9.732541e-05	1.959136e-05	1.632782e-05	1.561399e-05	1.533573e-05	1.363619e-05	1.111065e-05
180	0.1223554	0.07515432	0.07123703	0.04894475	0.03587266	0.03311599	0.0283641	0.0147558	0.01223644	0.01204355	0.01046555	0.01033399	0.0101119	0.01000552	0.009776181	0.004696162	0.003839249	0.0005599872	0.0005457938	0.000526356	0.0001733234	6.631593e-05	1.477742e-05	1.235805e-05	1.178714e-05	1.158025e-05	1.04805e-05
181	0.10166	0.07016562	0.04188168	0.03894932	0.03062493	0.01848472	0.01673803	0.01288977	0.01275632	0.01021093	0.01002952	0.008441302	0.008319396	0.008138732	0.008096991	0.007939999	0.004353618	0.003739313	0.0004109845	0.0003988431	0.0003821869	0.0001276691	5.048434e-05	1.222198e-05	1.026051e-05	9.763106e-06	9.593024e-06
182	0.1677646	0.08501657	0.06031397	0.03710091	0.03442227	0.02694243	0.01530989	0.01374412	0.01021563	0.01009037	0.009489579	0.009305726	0.00769564	0.007582836	0.007470029	0.007433881	0.007300924	0.004272964	0.003740789	0.0003548581	0.0003434377	0.0003277433	0.0001108996	4.502101e-05	1.134789e-05	9.495254e-06	9.021951e-06
183	0.2774619	0.1456515	0.07194622	0.05139683	0.02987243	0.02752093	0.02600746	0.01429611	0.01284538	0.009522434	0.009414607	0.008805372	0.008795927	0.007161224	0.007050139	0.006947785	0.006917202	0.006804384	0.004229474	0.003763541	0.0003164724	0.0003054609	0.0002903032	9.912349e-05	4.087066e-05	1.015238e-05	9.033225e-06
184	0.7808547	0.2601784	0.1365486	0.06857024	0.04950441	0.02938225	0.02708623	0.02562034	0.01386094	0.01247222	0.009266484	0.009161469	0.008544574	0.008535356	0.006893639	0.006783922	0.006689797	0.006661653	0.006558966	0.004228119	0.003795653	0.0002841563	0.000273596	0.0002668106	9.184035e-05	3.857625e-05	9.663757e-06
185	0.4317605	0.2834809	0.1543976	0.1075549	0.05066714	0.03759034	0.02312445	0.02209516	0.02090815	0.009728847	0.008405105	0.005513555	0.005412086	0.004788207	0.004779186	0.003112955	0.003008538	0.002920575	0.002894705	0.002801225	0.0006930405	0.000292189	0.0002568838	0.0002512426	0.0002449251	8.536374e-05	3.642252e-05
186	0.6578888	0.3614993	0.2687178	0.1438391	0.09967973	0.04695615	0.0350569	0.02250984	0.02154868	0.0204004	0.009329578	0.008055915	0.005259166	0.005159952	0.004528386	0.004519523	0.002838278	0.002733302	0.002651374	0.002627516	0.002542605	0.0006403005	0.0002685566	0.0002341539	0.0002308382	0.0002253605	7.941544e-05
187	0.5217712	0.2879032	0.2533625	0.1764783	0.1254159	0.08865311	0.04149957	0.03116861	0.02054021	0.01972935	0.01870035	0.007555274	0.006349801	0.004944151	0.004849035	0.004208588	0.004199961	0.002486322	0.002383534	0.002308969	0.002287824	0.002213426	0.0005589924	0.0002266628	0.0002074493	0.0002047521	0.0002004006
188	0.377893	0.3646964	0.1485479	0.1388084	0.1037018	0.07204552	0.04577575	0.01970645	0.01358372	0.007198517	0.00670228	0.005944107	0.005578296	0.004577923	0.00356877	0.003485513	0.003360673	0.003352943	0.001605962	0.001504572	0.001451632	0.001437583	0.001391132	0.0003744752	0.0001588102	0.0001443323	0.0001426585
189	0.4021631	0.301061	0.2912641	0.1041282	0.1002158	0.07451592	0.04929845	0.03503866	0.01486907	0.01032872	0.00519133	0.004798761	0.004583889	0.004303404	0.004046645	0.003180503	0.003160422	0.003034746	0.003033474	0.001250171	0.001147972	0.001102753	0.001091452	0.001055876	0.0003061961	0.0001336045	0.0001207094
190	0.6688241	0.284268	0.2721234	0.2663618	0.07939404	0.07607993	0.05598861	0.03844038	0.02730055	0.01157251	0.008160327	0.004215648	0.003915639	0.00374498	0.003532437	0.003341155	0.002838238	0.002823672	0.002778452	0.002777505	0.0009570794	0.0008546873	0.0008156661	0.000806495	0.0007801227	0.0002212923	9.402319e-05
191	0.7896418	0.6468134	0.2706059	0.2588963	0.2534702	0.06633562	0.06350984	0.0467593	0.03242128	0.02306762	0.009801848	0.007022242	0.003737145	0.003488227	0.003338517	0.003164877	0.0030107	0.002655623	0.002644468	0.002638551	0.002637791	0.0007882819	0.000684848	0.0006491292	0.0006411343	0.0006201197	0.000169135
192	0.8429396	0.6594073	0.6313016	0.2485737	0.2389201	0.2369396	0.04850837	0.04634246	0.03462562	0.02315394	0.01536109	0.006255694	0.004082281	0.001477922	0.001278979	0.001148069	0.001010264	0.0008896051	0.0006493152	0.0006415772	0.0006381511	0.0006375679	0.0006355091	0.0005320713	0.0004993665	0.0004924341	0.0004763146
193	0.8400455	0.8314263	0.6469386	0.6281858	0.2374299	0.2277186	0.2258504	0.0350049	0.03294981	0.02431594	0.01567016	0.01128712	0.004567675	0.002982556	0.001038142	0.0008890358	0.0007778863	0.0006753327	0.0005863631	0.0004088257	0.0004030408	0.000400736	0.0004003044	0.0003994522	0.000398148	0.00036833	0.0003623991
194	0.4529929	0.438918	0.4324001	0.2450279	0.2315647	0.2308354	0.2209998	0.2191707	0.02531956	0.02336042	0.01726256	0.01100516	0.007946888	0.003227143	0.002120508	0.0007322636	0.0006254363	0.0005303089	0.0004579086	0.0003957701	0.0002716572	0.0002675321	0.0002660034	0.0002657001	0.0002651213	0.0002642582	0.0002577137
195	0.344347	0.2379442	0.2278403	0.2222004	0.03121091	0.0218487	0.02137581	0.02115316	0.01935933	0.01724441	0.01534285	0.01140841	0.007145658	0.005164724	0.002115283	0.001401651	0.0004926572	0.0004220026	0.0003402404	0.0002931544	0.0002530298	0.0001732466	0.0001704944	0.0001695067	0.000169312	0.0001689388	0.0001683827
196	0.130229	0.1267794	0.02296417	0.01628865	0.0149213	0.01409625	0.008941495	0.008728473	0.008581837	0.008479827	0.007573131	0.007026564	0.005388737	0.003187917	0.002295204	0.0009707505	0.000661489	0.0002477912	0.0002151088	0.0001470878	0.0001261313	0.0001086202	7.457017e-05	7.322862e-05	7.279891e-05	7.271442e-05	7.255286e-05
197	0.3186781	0.007920005	0.006976458	0.005725546	0.004923568	0.004747186	0.004562216	0.003120717	0.003047696	0.003028761	0.002995929	0.002724466	0.002698166	0.002196041	0.001068142	0.0007464622	0.0003297697	0.0002334724	0.0001157658	0.0001069853	4.545904e-05	3.821191e-05	3.274035e-05	2.277987e-05	2.245066e-05	2.231511e-05	2.228865e-05
198	0.07675288	0.034774	0.004016912	0.003902561	0.00327571	0.002827815	0.002726803	0.002614861	0.001554338	0.001512467	0.001501564	0.001473473	0.001314372	0.001296826	0.0009925743	0.0007010207	0.000478766	0.0002241544	0.0001655423	9.453843e-05	8.922087e-05	2.757244e-05	2.272837e-05	1.936211e-05	1.368502e-05	1.348668e-05	1.340696e-05
199	0.04287036	0.02135606	0.003983061	0.00162395	0.001593897	0.001294097	0.001075639	0.001028049	0.0009795437	0.0006992556	0.0006763601	0.0006708632	0.0006461877	0.0005710292	0.000560421	0.0004184797	0.0002804228	0.0002065595	8.031283e-05	5.178912e-05	1.775961e-05	1.521803e-05	1.40483e-05	1.097404e-05	9.277516e-06	6.555918e-06	6.462186e-06
200	0.1781025	0.03534966	0.01577258	0.00257861	0.001245625	0.001226094	0.0009917898	0.0008204982	0.0007833843	0.0007456882	0.0005307488	0.000517596	0.0005131652	0.0004887255	0.000431156	0.000421913	0.0003127563	0.0002072172	0.0001502722	6.109632e-05	3.88634e-05	1.264443e-05	1.068481e-05	9.732563e-06	8.499223e-06	7.150925e-06	5.049775e-06
201	0.1233016	0.1207035	0.02215384	0.01105462	0.001716046	0.0008446982	0.0008313942	0.0006792476	0.000566329	0.0005413754	0.0005155866	0.0003707785	0.0003615529	0.0003589897	0.0003349451	0.000296084	0.0002882688	0.0002134128	0.0001414972	0.0001023652	4.137985e-05	2.674698e-05	8.69172e-06	7.342374e-06	6.625235e-06	5.782915e-06	4.95367e-06
202	0.1351995	0.09813787	0.09733332	0.01670129	0.006898997	0.000984788	0.0004815293	0.000473902	0.0003904955	0.0003294814	0.0003158607	0.0003011118	0.0002204068	0.0002156635	0.0002142661	0.0001904114	0.0001686255	0.000162157	0.0001196685	7.946727e-05	5.733531e-05	2.336732e-05	1.501838e-05	5.029166e-06	4.262642e-06	3.756931e-06	3.283421e-06
203	0.02144716	0.01293276	0.01004255	0.009754995	0.001886938	0.001382664	0.0002375711	0.0001005191	9.887223e-05	7.904072e-05	6.465249e-05	6.154015e-05	5.859067e-05	4.221469e-05	4.118657e-05	4.085199e-05	4.062874e-05	3.5943e-05	3.542188e-05	2.5559e-05	1.730703e-05	1.218561e-05	5.504506e-06	3.487678e-06	1.375976e-06	1.211256e-06	9.173289e-07
204	0.116592	0.0110792	0.003978378	0.002595256	0.002438853	0.0004930779	0.0003748769	8.175096e-05	2.303624e-05	2.254011e-05	1.810659e-05	1.482276e-05	1.412448e-05	1.350332e-05	9.734754e-06	9.513035e-06	9.436433e-06	9.386345e-06	8.454802e-06	8.335221e-06	6.007987e-06	4.113454e-06	2.955743e-06	1.415179e-06	9.699278e-07	5.033073e-07	4.668301e-07
205	0.4048978	0.1092216	0.009731715	0.002502767	0.001362414	0.001225837	0.0002275937	0.0001723986	5.588796e-05	9.709248e-06	9.38677e-06	7.690879e-06	6.371614e-06	6.090027e-06	5.83161e-06	4.217558e-06	4.122485e-06	4.091624e-06	4.070792e-06	3.675031e-06	3.623897e-06	2.649091e-06	1.858481e-06	1.385129e-06	7.356744e-07	5.439226e-07	3.638652e-07
206	0.3546029	0.2162436	0.02055238	0.0006407769	0.0004128046	0.0003242762	0.0003183662	5.726443e-05	4.229627e-05	6.896288e-06	2.894564e-06	2.83224e-06	2.330196e-06	1.902369e-06	1.813574e-06	1.727763e-06	1.197288e-06	1.164409e-06	1.154121e-06	1.147351e-06	1.013615e-06	9.960147e-07	7.806707e-07	5.341626e-07	3.929288e-07	1.761398e-07	1.110665e-07
207	0.4977586	0.1848237	0.04458166	0.004704351	0.0004295458	0.0003167749	0.0002621166	0.0002585251	4.294543e-05	3.109293e-05	4.802695e-06	2.141607e-06	2.101173e-06	1.725345e-06	1.404893e-06	1.338714e-06	1.274692e-06	8.826032e-07	8.578021e-07	8.500179e-07	8.449609e-07	7.450289e-07	7.317326e-07	5.77314e-07	4.021979e-07	2.969771e-07	1.354797e-07
208	0.2459003	0.2386794	0.03865013	0.01265066	0.0007453915	0.0001214356	0.0001114973	0.0001007515	0.0001000381	2.4772e-05	1.923228e-05	2.730967e-06	1.368864e-06	1.343275e-06	1.096754e-06	8.857776e-07	8.424837e-07	8.007269e-07	5.503909e-07	5.335546e-07	5.283986e-07	5.250719e-07	4.598231e-07	4.509022e-07	3.588326e-07	2.455176e-07	1.763623e-07
209	0.09136439	0.07260373	0.07012316	0.01120711	0.002464494	0.0003197211	6.226844e-05	5.852569e-05	5.305406e-05	5.268214e-05	1.151037e-05	8.426943e-06	1.524511e-06	7.609491e-07	7.441608e-07	6.23749e-07	5.073994e-07	4.836198e-07	4.599344e-07	3.201675e-07	3.097523e-07	3.068874e-07	3.049606e-07	2.670289e-07	2.6164e-07	2.090129e-07	1.433086e-07
210	0.1332658	0.06516824	0.05316112	0.05166694	0.005370201	0.001754167	0.0002159588	3.707166e-05	3.461686e-05	3.130424e-05	3.10782e-05	6.858162e-06	5.04232e-06	9.19348e-07	4.616717e-07	4.498781e-07	3.702122e-07	2.981053e-07	2.83747e-07	2.699138e-07	1.898636e-07	1.827693e-07	1.809064e-07	1.797422e-07	1.57664e-07	1.542624e-07	1.230618e-07
211	0.6162531	0.1084123	0.05207545	0.0436524	0.04257602	0.004621984	0.001517785	0.0001756154	2.632922e-05	2.434908e-05	2.191962e-05	2.175284e-05	4.849447e-06	3.582045e-06	6.489424e-07	3.33066e-07	3.231989e-07	2.60452e-07	2.072188e-07	1.969258e-07	1.872812e-07	1.329757e-07	1.272848e-07	1.25843e-07	1.25013e-07	1.098734e-07	1.074244e-07
212	0.3051203	0.1405639	0.03924414	0.02031399	0.01554115	0.01479096	0.002491113	0.00109512	0.0001222133	1.535798e-05	1.425958e-05	1.293628e-05	1.283332e-05	3.343445e-06	2.624377e-06	4.008191e-07	2.209694e-07	2.129482e-07	1.605029e-07	1.186502e-07	1.10889e-07	1.04796e-07	7.623824e-08	7.197557e-08	7.083158e-08	7.027134e-08	6.206313e-08
213	0.2502815	0.1597954	0.09586387	0.03147321	0.0167381	0.01294145	0.01241993	0.00223911	0.00101143	0.0001074312	1.218764e-05	1.128442e-05	1.023205e-05	1.014945e-05	2.83983e-06	2.283458e-06	3.265922e-07	1.874173e-07	1.797573e-07	1.312456e-07	9.366461e-08	8.68465e-08	8.186724e-08	5.979224e-08	5.58676e-08	5.482097e-08	5.435246e-08
214	0.2388961	0.211224	0.1381551	0.07906552	0.02623791	0.0137629	0.01065047	0.01021951	0.001740136	0.0006653191	5.514187e-05	9.24922e-06	8.640851e-06	7.847436e-06	7.784288e-06	2.280738e-06	1.861021e-06	2.580728e-07	1.525907e-07	1.451927e-07	1.047011e-07	7.317307e-08	6.749181e-08	6.34406e-08	4.583439e-08	4.212632e-08	4.122968e-08
215	0.2282061	0.1998353	0.1760944	0.1194299	0.06395982	0.02138732	0.0111556	0.008678943	0.008336451	0.001497211	0.0005705269	3.957799e-05	6.988336e-06	6.526463e-06	5.916716e-06	5.867754e-06	1.778162e-06	1.465303e-06	2.003104e-07	1.218499e-07	1.145528e-07	8.151509e-08	5.574468e-08	5.115866e-08	4.80059e-08	3.484118e-08	3.132918e-08
216	0.1969596	0.1513256	0.126281	0.109228	0.06710585	0.04639796	0.01443785	0.0082308	0.006637729	0.006409073	0.001001357	0.0002023523	2.650019e-05	4.936725e-06	4.620319e-06	4.241196e-06	4.204679e-06	1.339213e-06	1.116834e-06	1.483306e-07	9.273721e-08	8.547739e-08	5.898413e-08	3.819546e-08	3.455947e-08	3.218351e-08	2.292202e-08
217	0.1349864	0.09686631	0.07960562	0.07288869	0.06486596	0.03710687	0.02835199	0.01021724	0.006030099	0.004932925	0.00477711	0.0005696986	0.0001485769	1.932589e-05	3.336531e-06	3.112737e-06	2.859418e-06	2.833678e-06	9.567818e-07	8.10743e-07	1.080363e-07	7.128302e-08	6.395614e-08	4.306704e-08	2.626787e-08	2.337602e-08	2.161099e-08
218	0.8536898	0.1202204	0.08374781	0.06991632	0.06457666	0.05759261	0.0324581	0.02474702	0.009247542	0.005440124	0.004427075	0.004281961	0.0005262395	0.0001370171	1.770636e-05	3.084298e-06	2.875265e-06	2.640081e-06	2.615773e-06	8.627985e-07	7.263455e-07	9.84041e-08	6.432566e-08	5.9495e-08	4.05443e-08	2.46993e-08	2.196251e-08
219	0.5176745	0.5000056	0.1073434	0.07501293	0.0621485	0.05727284	0.05089916	0.02705893	0.02006784	0.008545484	0.005114564	0.00415454	0.004015322	0.0004912987	0.0001266385	1.640709e-05	2.993672e-06	2.793071e-06	2.55761e-06	2.533771e-06	7.629521e-07	6.259372e-07	9.608218e-08	6.193328e-08	5.684353e-08	3.976709e-08	2.45405e-08
220	0.705516	0.502912	0.4852213	0.1022381	0.07046665	0.05852612	0.05392786	0.04794705	0.02482745	0.01830682	0.008208931	0.004931923	0.003993374	0.003856685	0.0004701301	0.0001209371	1.576955e-05	2.998973e-06	2.801751e-06	2.561914e-06	2.538543e-06	7.207551e-07	5.806482e-07	9.594558e-08	6.105397e-08	5.566443e-08	3.99282e-08
221	0.9129987	0.630562	0.4872812	0.4817049	0.09993274	0.06791573	0.05606147	0.05185116	0.04614429	0.02323096	0.0170722	0.007998804	0.004833715	0.003904537	0.003770986	0.0004585861	0.0001177984	1.542425e-05	3.02151e-06	2.825483e-06	2.580345e-06	2.558723e-06	6.9397e-07	5.509933e-07	9.715712e-08	6.144452e-08	5.571512e-08
222	0.7724435	0.759607	0.5991016	0.4827579	0.4777334	0.0989689	0.06636848	0.05450317	0.05049202	0.04513199	0.02218005	0.01621072	0.007806651	0.004708264	0.003785123	0.003651584	0.0004415898	0.0001133392	1.498935e-05	3.086954e-06	2.89206e-06	2.639567e-06	2.617698e-06	6.821381e-07	5.341531e-07	9.898737e-08	6.202387e-08
223	0.7465122	0.7211046	0.7133314	0.58197	0.4828816	0.4784414	0.09801375	0.06461125	0.0527093	0.04892215	0.0439542	0.02092412	0.01518556	0.007569604	0.004544339	0.003646362	0.003513311	0.0004220218	0.0001082191	1.448653e-05	3.158935e-06	2.96547e-06	2.705416e-06	2.683278e-06	6.691649e-07	5.156419e-07	1.01076e-07
224	0.7933271	0.71115	0.6898915	0.6827913	0.5681017	0.4826556	0.4786672	0.09681547	0.0625394	0.05062632	0.04712144	0.04257339	0.01952996	0.0140689	0.007298114	0.004380933	0.003494652	0.003362165	0.0004000187	0.0001019023	1.391715e-05	3.221628e-06	3.030234e-06	2.764098e-06	2.741742e-06	6.539287e-07	4.952236e-07
225	0.9129659	0.7755398	0.6959725	0.6746877	0.6679324	0.5664628	0.4899766	0.4863342	0.09757652	0.06171507	0.04957871	0.04624696	0.04208865	0.0186001	0.0132621	0.007177872	0.004284121	0.003389836	0.003254768	0.0003857126	9.808547e-05	1.361891e-05	3.358299e-06	3.164827e-06	2.886186e-06	2.863096e-06	6.471442e-07
226	0.9400256	0.9038865	0.7886973	0.7123487	0.6915714	0.6850614	0.592245	0.5199251	0.5163499	0.1030483	0.06460706	0.05169824	0.04819463	0.04382002	0.01884915	0.013232	0.007081748	0.00410421	0.0031744	0.003032719	0.0003395324	8.776196e-05	1.288967e-05	3.516091e-06	3.322188e-06	3.026963e-06	3.003393e-06
227	0.9347517	0.9163279	0.8853176	0.7927057	0.7203198	0.7003674	0.6941347	0.6115468	0.5439938	0.540822	0.09693706	0.06825383	0.05438457	0.05066105	0.04600571	0.01919513	0.01322864	0.006979791	0.003894558	0.002919891	0.002770153	0.0002843536	7.547184e-05	1.204791e-05	3.727902e-06	3.533083e-06	3.217386e-06
228	0.940185	0.9032527	0.8848827	0.8548653	0.7703281	0.7253559	0.7067639	0.7010667	0.6352601	0.5752466	0.5722772	0.1011439	0.0708368	0.05685141	0.05291156	0.04800287	0.01965506	0.01335134	0.006872611	0.00365311	0.002628994	0.002470593	0.0002608017	7.056016e-05	1.189113e-05	3.939392e-06	3.738251e-06
229	0.9254194	0.9142653	0.8836698	0.866451	0.8353409	0.7520462	0.7081237	0.6965343	0.6908552	0.6264161	0.5673685	0.5654507	0.09987528	0.06991726	0.05608558	0.05231948	0.04746741	0.01941029	0.01318213	0.006781537	0.003601413	0.002590563	0.002434318	0.0002571636	6.964754e-05	1.176329e-05	3.913896e-06
230	0.9221502	0.909314	0.8989635	0.8690767	0.853751	0.8209098	0.7383812	0.6957289	0.6843712	0.6793442	0.6165566	0.5591961	0.557259	0.09822563	0.06864583	0.0550931	0.05138268	0.04661049	0.01910351	0.01297176	0.00667239	0.003539845	0.002546829	0.00239277	0.0002532245	6.865567e-05	1.1619e-05
231	0.9500487	0.9035349	0.8910231	0.8808506	0.8514087	0.8362042	0.8012286	0.7245207	0.683202	0.6722364	0.6673241	0.6063799	0.5503654	0.5484037	0.09665392	0.0675844	0.0542476	0.05059483	0.04589878	0.01879581	0.01275748	0.006560387	0.003475932	0.002500924	0.002348977	0.0002488757	6.758469e-05
232	0.9492604	0.9319579	0.8807625	0.8688169	0.8592538	0.8307456	0.81724	0.7794729	0.7059043	0.6663467	0.6558115	0.6510593	0.5926511	0.5385272	0.5365552	0.09426983	0.06599305	0.05293692	0.04936241	0.0447656	0.01837776	0.01246638	0.006404431	0.003391458	0.002440808	0.002291708	0.0002432294
233	0.8955241	0.8613128	0.8501353	0.8340958	0.8228572	0.8137371	0.7860745	0.7728857	0.7560777	0.6852611	0.6476205	0.6375483	0.6329859	0.5778765	0.5260255	0.5246289	0.09220445	0.06454718	0.05176896	0.04826797	0.04377387	0.01795113	0.01216869	0.006244412	0.003297846	0.002373818	0.002227393
234	0.9351532	0.8734178	0.8408404	0.8299982	0.8145006	0.8035139	0.794546	0.7674489	0.75432	0.7380838	0.6689918	0.6322944	0.6225419	0.6180832	0.5643153	0.5136329	0.5122839	0.09013779	0.06312344	0.0506291	0.04720289	0.0428133	0.01756127	0.0118976	0.006104516	0.003217532	0.002326108
235	0.9965557	0.9320025	0.8700919	0.8376616	0.8268116	0.8113306	0.8004207	0.7916317	0.7645378	0.7509703	0.7346305	0.665809	0.6292712	0.6195538	0.6151127	0.5616848	0.5110755	0.5097319	0.09000849	0.06310121	0.05061668	0.04717786	0.042807	0.01757444	0.01188714	0.006096679	0.003195158
