#unpaired probabilities
 #i$	l=1	2	3	4	5	6	7	8	9	10	11	12	13	14	15	16	17	18	19	20	21	22	
1	0.8828411	NA	NA	NA	NA	NA	NA	NA	NA	NA	NA	NA	NA	NA	NA	NA	NA	NA	NA	NA	NA	NA
2	0.3951015	0.3805965	NA	NA	NA	NA	NA	NA	NA	NA	NA	NA	NA	NA	NA	NA	NA	NA	NA	NA	NA	NA
3	0.262481	0.173513	0.1692611	NA	NA	NA	NA	NA	NA	NA	NA	NA	NA	NA	NA	NA	NA	NA	NA	NA	NA	NA
4	0.2410348	0.1375494	0.08708893	0.08269375	NA	NA	NA	NA	NA	NA	NA	NA	NA	NA	NA	NA	NA	NA	NA	NA	NA	NA
5	0.3218876	0.1847514	0.1032128	0.06290336	0.05818587	NA	NA	NA	NA	NA	NA	NA	NA	NA	NA	NA	NA	NA	NA	NA	NA	NA
6	0.2792527	0.2157861	0.1480382	0.08317961	0.04976072	0.04542672	NA	NA	NA	NA	NA	NA	NA	NA	NA	NA	NA	NA	NA	NA	NA	NA
7	0.4483793	0.2112307	0.1772775	0.1443134	0.08183318	0.04882532	0.04448321	NA	NA	NA	NA	NA	NA	NA	NA	NA	NA	NA	NA	NA	NA	NA
8	0.5591525	0.2876228	0.205354	0.1736371	0.1426791	0.08094881	0.04829349	0.04399599	NA	NA	NA	NA	NA	NA	NA	NA	NA	NA	NA	NA	NA	NA
9	0.6123781	0.4486469	0.262521	0.1993954	0.1693939	0.1398463	0.0794467	0.04740212	0.04318694	NA	NA	NA	NA	NA	NA	NA	NA	NA	NA	NA	NA	NA
10	0.6246947	0.5736722	0.4336314	0.2570519	0.1965998	0.16717	0.1382711	0.07853589	0.04683214	0.0426478	NA	NA	NA	NA	NA	NA	NA	NA	NA	NA	NA	NA
11	0.7756512	0.6169154	0.5659254	0.43036	0.2556088	0.1958133	0.1666889	0.138007	0.07838943	0.04674053	0.0425614	NA	NA	NA	NA	NA	NA	NA	NA	NA	NA	NA
12	0.9185996	0.7056297	0.5793604	0.533715	0.4057928	0.240493	0.1866725	0.1614049	0.1373921	0.07815845	0.04658339	0.04240488	NA	NA	NA	NA	NA	NA	NA	NA	NA	NA
13	0.8414194	0.8197806	0.6083941	0.5325643	0.495466	0.3779348	0.2222055	0.1749152	0.1531803	0.1333652	0.07578948	0.04490589	0.04069734	NA	NA	NA	NA	NA	NA	NA	NA	NA
14	0.8382566	0.7974643	0.7793204	0.5711729	0.5056936	0.4716886	0.357893	0.2112981	0.1671759	0.1475917	0.1297207	0.07362626	0.04338246	0.0391473	NA	NA	NA	NA	NA	NA	NA	NA
15	0.8452862	0.8278758	0.7896322	0.7719305	0.5645591	0.5001222	0.467264	0.3550315	0.2094046	0.1657015	0.1462931	0.128598	0.07293243	0.04288504	0.03863819	NA	NA	NA	NA	NA	NA	NA
16	0.7906575	0.7123484	0.6937775	0.6537198	0.6381082	0.4587669	0.3983153	0.3694149	0.2919479	0.1823871	0.1487345	0.1348155	0.1239355	0.07034261	0.04123124	0.03705624	NA	NA	NA	NA	NA	NA
17	0.7452582	0.7136543	0.6696108	0.652574	0.6172728	0.6040706	0.4253985	0.3761975	0.3493346	0.2758996	0.170762	0.139109	0.1269992	0.1168038	0.06626803	0.03879257	0.0348275	NA	NA	NA	NA	NA
18	0.7215336	0.6375006	0.6005231	0.5520405	0.5279186	0.4855439	0.4636978	0.4147963	0.3665172	0.3408175	0.2683122	0.1674581	0.1365585	0.1248043	0.1150197	0.06525329	0.03818723	0.03427549	NA	NA	NA	NA
19	0.7748831	0.6751733	0.6124402	0.5857887	0.5400522	0.516736	0.4749327	0.4531551	0.4041479	0.362001	0.336803	0.2649421	0.1648506	0.1343966	0.122827	0.1131631	0.06413697	0.0374321	0.03352717	NA	NA	NA
20	0.253596	0.2335884	0.2300229	0.2303539	0.2320984	0.2288344	0.2287598	0.2296858	0.220645	0.1751948	0.1589455	0.1413615	0.1201385	0.06124864	0.03845264	0.02475974	0.008060162	0.004232394	0.002538304	0.002322163	NA	NA
21	0.3549101	0.2465122	0.2269006	0.2249027	0.2263844	0.2281943	0.2249493	0.2258195	0.2269486	0.2180785	0.1727078	0.1565211	0.1389734	0.1178313	0.06047879	0.03789792	0.02425274	0.007594863	0.003966428	0.002379586	0.002177734	NA
22	0.573037	0.3483512	0.2404381	0.2205725	0.2184416	0.2198395	0.2217395	0.218887	0.2197779	0.2209105	0.2124803	0.167605	0.1520157	0.1351766	0.1148755	0.05855169	0.03673157	0.02358797	0.007556872	0.003958829	0.002373946	0.002171819
23	0.8268302	0.4056078	0.3347312	0.2330502	0.2134457	0.2116648	0.2131058	0.2150278	0.2122223	0.213174	0.2143534	0.2063478	0.1619392	0.1469104	0.1307363	0.1112234	0.05590678	0.03542836	0.02276987	0.007338526	0.003843067	0.002295086
24	0.8546433	0.7695914	0.3469197	0.2737061	0.2263232	0.2063795	0.2082637	0.2095201	0.2113466	0.2120197	0.2129701	0.2141474	0.2061399	0.1617278	0.1468215	0.130656	0.1111536	0.05585004	0.03537995	0.02274557	0.007319929	0.003832495
25	0.8255891	0.8139237	0.7273807	0.303965	0.2305275	0.1813366	0.1857406	0.1865155	0.1868127	0.1872285	0.1863002	0.185483	0.1849543	0.1747725	0.1616541	0.1467505	0.130601	0.1111214	0.05582811	0.03536386	0.02273269	0.007312756
26	0.8398643	0.8132192	0.801292	0.7143232	0.2905033	0.2168142	0.1782767	0.1825292	0.1852374	0.1854694	0.1858295	0.1852454	0.184362	0.1837566	0.1734852	0.1602599	0.1466861	0.1305417	0.1110682	0.0557818	0.03532152	0.02271595
27	0.8657322	0.8347224	0.8096855	0.7979961	0.7110399	0.2878934	0.2142893	0.175777	0.1803681	0.1829787	0.1832968	0.1835492	0.1828447	0.181862	0.1813341	0.1710271	0.1596843	0.1461215	0.1301732	0.1108782	0.05565513	0.03524021
28	0.9257618	0.8587905	0.8277064	0.8088319	0.7972244	0.7103055	0.2872785	0.2138043	0.1754335	0.1800125	0.1826432	0.182955	0.1832169	0.1825446	0.1815582	0.1810252	0.1707252	0.1593891	0.1459071	0.1299762	0.1107013	0.05550191
29	0.503943	0.4480687	0.3860425	0.3425679	0.3087659	0.2808532	0.2459966	0.1940084	0.1240578	0.0899375	0.09105243	0.09132433	0.09063243	0.09002976	0.08915764	0.08814999	0.08730185	0.08291608	0.07828324	0.07266023	0.06612686	0.05814163
30	0.4460557	0.4007623	0.3581473	0.2961541	0.251685	0.2158116	0.1861872	0.1487149	0.09686721	0.06243716	0.03109122	0.02979723	0.02847258	0.02720028	0.02613931	0.02533192	0.02454998	0.02374259	0.02399694	0.02459203	0.02520941	0.02614462
31	0.468057	0.4301736	0.3957977	0.3538029	0.2925095	0.2482423	0.2125999	0.1831795	0.1459114	0.0943344	0.06064807	0.02966964	0.02833674	0.02699372	0.0257072	0.02463327	0.0238159	0.0230238	0.02220002	0.02249946	0.02314132	0.02381427
32	0.7882825	0.4378652	0.4087569	0.3759034	0.3356738	0.278968	0.2374702	0.2044327	0.1763863	0.1405462	0.09045778	0.05822594	0.02862875	0.02737055	0.02611359	0.02489786	0.02389761	0.02314834	0.02242167	0.02166715	0.02199365	0.02265598
33	0.8101244	0.7259693	0.3952325	0.3654054	0.3375813	0.3032977	0.246968	0.2054262	0.1724459	0.1435108	0.1129717	0.08203681	0.05005058	0.02039886	0.01875039	0.01707243	0.0153782	0.01384973	0.01249164	0.01106648	0.009503489	0.008917661
34	0.6042377	0.5190254	0.4422493	0.2007208	0.180551	0.168574	0.1502667	0.1265889	0.1118881	0.09584	0.07996569	0.06300353	0.04590419	0.02894569	0.012696	0.01183106	0.01092919	0.009921164	0.009074436	0.008306277	0.007489351	0.006576671
35	0.605198	0.5388665	0.4699948	0.3937341	0.1758911	0.1560819	0.149382	0.131966	0.1115701	0.09913747	0.08707068	0.0727567	0.0574523	0.04199769	0.02666388	0.01196735	0.011204	0.01040734	0.009482998	0.008719175	0.008036379	0.007294562
36	0.6092102	0.5624154	0.5083328	0.4416624	0.3671793	0.1625249	0.1426188	0.1360781	0.128139	0.1086845	0.0967624	0.08502983	0.0712058	0.05621162	0.04106786	0.0260394	0.01163547	0.01088364	0.01009698	0.009177477	0.00841623	0.007731647
37	0.9026496	0.5777774	0.5325224	0.4787821	0.4125016	0.3380487	0.1531266	0.1402367	0.1336786	0.1275536	0.1081708	0.09639844	0.08469563	0.07090201	0.05595017	0.04083485	0.02583339	0.01145356	0.01070017	0.009906233	0.009155034	0.00839492
38	0.9090723	0.8711323	0.5726855	0.5278571	0.4743658	0.4088232	0.3343958	0.1514957	0.1386926	0.1322769	0.1262795	0.1071713	0.09561234	0.08404992	0.07036758	0.05553206	0.0405353	0.02565099	0.0113822	0.01063529	0.009847812	0.009102116
39	0.673148	0.638693	0.622742	0.4219586	0.3928111	0.3461007	0.3390832	0.2670859	0.1128553	0.1036126	0.0990285	0.09453182	0.08033897	0.0719557	0.06463794	0.05429988	0.04309718	0.03173233	0.02042719	0.009571797	0.009042726	0.00847063
40	0.1640612	0.1518001	0.1342685	0.12591	0.09608002	0.0822702	0.07617579	0.07224028	0.06928264	0.01687513	0.01555205	0.01495089	0.01365655	0.01210463	0.01121426	0.01050968	0.009464681	0.008383852	0.007106635	0.005824721	0.004540364	0.004629739
41	0.09169475	0.07439891	0.06867277	0.05684593	0.05289036	0.04772783	0.04670357	0.04671579	0.04549693	0.04586916	0.005563483	0.005155021	0.005013819	0.004112565	0.004052793	0.004049841	0.004110791	0.004141068	0.004222792	0.004117202	0.004000486	0.003830603
42	0.8380555	0.08801463	0.07312988	0.06749642	0.05574189	0.05189672	0.04690154	0.04595468	0.04633779	0.04515262	0.04556802	0.005425627	0.005039646	0.004903304	0.004007889	0.003964082	0.003971196	0.004040294	0.004082083	0.004176807	0.004083801	0.003979553
43	0.04857171	0.03351859	0.0171636	0.01353617	0.01092445	0.01041979	0.009698784	0.008996939	0.008683643	0.008793557	0.008569518	0.008648037	0.001045131	0.0009780602	0.0009520083	0.0007831103	0.000770959	0.000768173	0.0007783095	0.0007837919	0.0007991017	0.0007788944
44	0.002749976	0.00224317	0.002201941	0.001209259	3.950467e-05	3.433313e-05	3.242673e-05	2.992287e-05	2.770655e-05	2.702434e-05	2.735034e-05	2.635439e-05	2.659606e-05	3.213713e-06	3.00999e-06	2.924909e-06	2.40723e-06	2.364507e-06	2.355381e-06	2.387554e-06	2.406875e-06	2.455664e-06
45	0.006662671	0.001090211	0.001003807	0.00100091	4.847089e-05	6.581636e-06	5.896775e-06	5.608257e-06	5.210469e-06	4.815197e-06	4.706278e-06	4.760168e-06	4.630532e-06	4.675412e-06	5.630348e-07	5.267359e-07	5.128496e-07	4.223067e-07	4.129745e-07	4.112578e-07	4.17371e-07	4.217476e-07
46	0.007426063	0.001329199	5.780988e-05	2.565313e-05	2.188861e-05	4.55636e-06	1.557581e-06	1.434412e-06	1.368446e-06	1.275219e-06	1.182068e-06	1.160551e-06	1.167059e-06	1.13734e-06	1.148471e-06	1.425362e-07	1.30304e-07	1.269626e-07	1.048769e-07	1.025165e-07	1.021006e-07	1.036146e-07
47	0.0002435777	6.643979e-05	1.628692e-05	5.900335e-07	3.173962e-07	2.575216e-07	2.807791e-08	1.096284e-08	1.010975e-08	9.664101e-09	9.054997e-09	8.441694e-09	8.321245e-09	8.304191e-09	8.117697e-09	8.207496e-09	1.32097e-09	1.258494e-09	1.216286e-09	1.084176e-09	1.04085e-09	1.038618e-09
48	0.01371325	0.0001281758	3.174577e-05	6.368274e-06	2.173855e-07	6.496057e-08	4.73375e-08	1.285253e-08	6.999277e-09	6.486855e-09	6.240709e-09	5.857698e-09	5.463796e-09	5.383828e-09	5.340411e-09	5.223049e-09	5.27792e-09	6.986739e-10	6.433406e-10	6.295125e-10	5.365734e-10	5.273996e-10
49	0.003148692	0.0005451121	7.159352e-06	2.730889e-06	6.438051e-07	1.713912e-08	4.185122e-09	2.954888e-09	7.439829e-10	5.116027e-10	4.87453e-10	4.861315e-10	4.872476e-10	4.762495e-10	4.838078e-10	4.562777e-10	4.620598e-10	4.710493e-10	9.008177e-11	8.739937e-11	8.856568e-11	8.938032e-11
50	0.01899671	0.001434628	0.000440772	6.12656e-06	2.38813e-06	5.529669e-07	1.478241e-08	3.114119e-09	2.129198e-09	6.499068e-10	4.770325e-10	4.571002e-10	4.568937e-10	4.592951e-10	4.508e-10	4.585913e-10	4.321188e-10	4.384106e-10	4.471699e-10	8.516847e-11	8.281668e-11	8.41323e-11
51	0.05467496	0.01668758	0.001285495	0.0003966497	5.765605e-06	2.286641e-06	5.302083e-07	1.379658e-08	2.912726e-09	1.983107e-09	6.186291e-10	4.594941e-10	4.414115e-10	4.442553e-10	4.469105e-10	4.388129e-10	4.466166e-10	4.21795e-10	4.281422e-10	4.368111e-10	8.303001e-11	8.100536e-11
52	0.5005793	0.05396329	0.01649258	0.001269545	0.000392142	5.723405e-06	2.272873e-06	5.271729e-07	1.371107e-08	2.886359e-09	1.965781e-09	6.152133e-10	4.577531e-10	4.398399e-10	4.427023e-10	4.454397e-10	4.374553e-10	4.452544e-10	4.204826e-10	4.2684e-10	4.35491e-10	8.27604e-11
53	0.4990095	0.03029982	0.01274637	0.005744964	0.0003722254	0.0001465907	3.211241e-06	1.483741e-06	3.46467e-07	5.842254e-09	9.02685e-10	6.028751e-10	2.656903e-10	2.05933e-10	1.928956e-10	1.942438e-10	1.963358e-10	1.937665e-10	1.97505e-10	1.81182e-10	1.848783e-10	1.88557e-10
54	0.06300908	0.05955514	0.005141672	0.002631156	0.001219733	8.041643e-05	3.250349e-05	9.097951e-07	4.609666e-07	1.231613e-07	9.158416e-10	1.783617e-10	1.303444e-10	8.002536e-11	4.343357e-11	2.948332e-11	2.85696e-11	2.872731e-11	2.664415e-11	2.70661e-11	2.645004e-11	2.698534e-11
55	0.01199253	0.006078223	0.005186887	0.001144048	0.0006373186	0.0003016028	1.968037e-05	8.017704e-06	2.173644e-07	1.082269e-07	2.879232e-08	2.284112e-10	4.9527e-11	3.794037e-11	2.621562e-11	2.359877e-11	9.542031e-12	8.367578e-12	8.336072e-12	6.513068e-12	6.54998e-12	6.294504e-12
56	0.004890117	0.001649067	0.0008855407	0.0007584347	0.0001556095	9.376287e-05	4.46871e-05	2.878853e-06	1.157922e-06	2.670584e-08	1.181549e-08	3.02622e-09	3.072997e-11	8.878024e-12	7.476908e-12	5.987393e-12	4.035441e-12	3.891713e-12	2.688001e-12	2.602885e-12	8.137329e-13	7.559197e-13
57	0.004058007	0.000660903	0.0002559698	0.0001077268	7.533414e-05	3.534388e-05	2.291638e-05	1.108636e-05	7.136528e-07	2.908644e-07	5.582866e-09	1.639541e-09	3.444695e-10	7.773386e-12	4.251687e-12	4.073022e-12	3.845023e-12	1.967854e-12	2.013228e-12	2.055692e-12	1.969091e-12	1.995783e-13
58	0.006827644	0.001214073	0.0002598332	0.0001205241	4.488675e-05	2.663135e-05	2.006044e-05	1.358855e-05	6.632402e-06	4.278555e-07	1.758188e-07	2.806095e-09	3.706494e-10	1.371653e-11	2.109017e-12	1.705286e-12	1.705476e-12	1.703095e-12	1.740773e-12	1.782668e-12	1.821152e-12	1.868839e-12
59	0.01374403	0.003661113	0.0005465132	0.0001102261	5.038789e-05	1.85179e-05	1.087693e-05	8.19223e-06	5.484109e-06	2.610467e-06	1.537126e-07	6.238137e-08	7.837689e-10	1.266303e-10	7.886336e-12	1.959573e-12	1.67493e-12	1.683831e-12	1.691252e-12	1.729453e-12	1.772654e-12	1.818492e-12
60	0.0237488	0.007056691	0.001979178	0.0003379112	6.969601e-05	3.20611e-05	1.175745e-05	6.902407e-06	5.199065e-06	3.479497e-06	1.675683e-06	9.416911e-08	3.826635e-08	5.18438e-10	9.045053e-11	4.44246e-12	3.586571e-13	1.249328e-13	1.076137e-13	8.653802e-14	8.661583e-14	8.82888e-14
61	0.01940283	0.0061408	0.002537134	0.0007165335	0.00010703	1.939004e-05	8.531144e-06	2.970037e-06	1.69261e-06	1.246877e-06	7.940086e-07	3.651712e-07	2.197427e-08	8.829066e-09	9.150569e-11	2.078273e-11	2.827463e-12	2.334667e-13	4.633243e-14	3.203029e-14	1.408723e-14	1.320816e-14
62	0.01446025	0.006084309	0.002906386	0.001261402	0.0003575574	5.145097e-05	7.925222e-06	3.176551e-06	9.932225e-07	5.341075e-07	3.724053e-07	2.093874e-07	9.374698e-08	5.776224e-09	2.348302e-09	3.404851e-11	1.161487e-11	2.433266e-12	2.024614e-13	3.487123e-14	2.236185e-14	6.206247e-15
63	0.04517155	0.01421671	0.006015461	0.002884167	0.001252218	0.0003549537	5.106936e-05	7.85442e-06	3.145177e-06	9.820184e-07	5.27619e-07	3.675845e-07	2.062511e-07	9.234495e-08	5.690531e-09	2.313747e-09	3.371361e-11	1.154211e-11	2.426256e-12	2.011e-13	3.45237e-14	2.215168e-14
64	0.04463548	0.01597158	0.006944739	0.003201528	0.001505707	0.0006473872	0.0001826819	2.639146e-05	3.878285e-06	1.391831e-06	4.563633e-07	2.555706e-07	1.840494e-07	1.136864e-07	5.358371e-08	3.304578e-09	1.351302e-09	2.471887e-11	9.372479e-12	2.001595e-12	1.873954e-13	2.922446e-14
65	0.9090069	0.02933616	0.01052563	0.004544512	0.002096512	0.001023151	0.0004486025	0.0001264754	1.741017e-05	2.543756e-06	7.985047e-07	2.697495e-07	1.572226e-07	1.160175e-07	7.674046e-08	3.701374e-08	2.354359e-09	9.672482e-10	1.966772e-11	8.36864e-12	1.823745e-12	1.294413e-13
66	0.9553677	0.8996063	0.02349265	0.006068384	0.002459194	0.001226281	0.0006010783	0.0002613987	7.278878e-05	8.994584e-06	1.349276e-06	4.619991e-07	1.568659e-07	9.178816e-08	6.916434e-08	4.613803e-08	2.23235e-08	1.404938e-09	5.759057e-10	9.46742e-12	3.300562e-12	4.789333e-13
67	0.9216977	0.8975476	0.8969641	0.02213243	0.005093259	0.001964182	0.0009570819	0.0004678836	0.000202004	5.573145e-05	6.397585e-06	9.994743e-07	3.962293e-07	1.37811e-07	8.084909e-08	6.11518e-08	4.099149e-08	1.988728e-08	1.25105e-09	5.135482e-10	8.520904e-12	2.902597e-12
68	0.6672261	0.6670431	0.6649173	0.668374	0.01634476	0.003745862	0.001419378	0.0007368333	0.0003639384	0.0001612314	4.438872e-05	4.68712e-06	7.037737e-07	2.685167e-07	9.607637e-08	5.648058e-08	4.278626e-08	2.877637e-08	1.393981e-08	8.601942e-10	3.525763e-10	6.03088e-12
69	0.6948484	0.6469676	0.6480189	0.6490668	0.653776	0.01555064	0.003366911	0.001233268	0.000633875	0.0003145449	0.0001396478	3.817756e-05	3.675279e-06	5.419506e-07	2.204404e-07	7.968507e-08	4.684772e-08	3.549843e-08	2.388184e-08	1.154344e-08	6.996562e-10	2.864072e-10
70	0.6578383	0.4700583	0.448601	0.4501853	0.4516026	0.4553996	0.01044732	0.002070316	0.0006988337	0.0003574949	0.0001761006	7.762879e-05	2.135431e-05	2.269817e-06	3.372625e-07	1.298358e-07	4.643776e-08	2.727319e-08	2.063992e-08	1.386362e-08	6.710363e-09	4.08516e-10
71	0.07790268	0.03617036	0.02800038	0.02461173	0.02322601	0.02083549	0.019855	0.001106159	0.0005747578	0.0002327555	0.0001167297	5.748268e-05	2.466542e-05	6.997172e-06	1.054221e-06	1.546785e-07	4.702977e-08	1.590699e-08	9.278837e-09	6.969435e-09	4.630011e-09	2.243931e-09
72	0.7119337	0.07139059	0.03125391	0.02472495	0.02183623	0.02062115	0.01851065	0.0176513	0.0009950309	0.0005242344	0.0002098134	0.0001053113	5.177054e-05	2.210276e-05	6.283802e-06	9.656589e-07	1.409761e-07	4.201596e-08	1.414595e-08	8.25237e-09	6.202085e-09	4.122546e-09
73	0.1237603	0.1132858	0.04844201	0.01112906	0.007013744	0.00525123	0.004360076	0.00250018	0.00172846	0.0005627304	0.0004234837	0.0001742438	8.984362e-05	4.467055e-05	1.958751e-05	5.616598e-06	8.819414e-07	1.253559e-07	3.489506e-08	1.152221e-08	6.702264e-09	5.021907e-09
74	0.03356771	0.0155255	0.01358528	0.004418478	0.001949795	0.001424007	0.001084594	0.0008933619	0.000658759	0.0005250382	0.0001192611	8.549613e-05	3.553216e-05	1.823082e-05	9.029719e-06	3.949957e-06	1.128451e-06	1.736468e-07	2.501946e-08	7.27081e-09	2.436038e-09	1.418156e-09
75	0.1255754	0.01099299	0.003342233	0.002603064	0.001050906	0.0006609245	0.0005102145	0.0004052072	0.0003459115	0.0002844994	0.0002467134	3.108547e-05	1.872907e-05	8.128212e-06	4.026514e-06	1.986359e-06	8.507329e-07	2.388846e-07	3.307496e-08	5.090355e-09	1.772907e-09	6.190911e-10
76	0.1448982	0.1109711	0.007399274	0.001866501	0.001307422	0.0006925801	0.0005034843	0.0003987497	0.0003246717	0.0002827384	0.0002432031	0.0002177986	2.013781e-05	1.049023e-05	4.602233e-06	2.200601e-06	1.078553e-06	4.521211e-07	1.242926e-07	1.472162e-08	2.458927e-09	1.030697e-09
77	0.8583604	0.1426456	0.1091467	0.00720651	0.001750353	0.001216874	0.0006648669	0.0004904575	0.0003895579	0.0003181626	0.0002778163	0.0002401975	0.0002159255	1.912679e-05	9.73004e-06	4.284244e-06	2.036588e-06	9.974781e-07	4.164458e-07	1.140257e-07	1.307286e-08	2.214046e-09
78	0.08800956	0.07801694	0.01609584	0.01268772	0.0009263731	0.0004609519	0.0003191787	0.000198513	0.0001439525	0.0001077904	7.750423e-05	5.867045e-05	4.082994e-05	2.841936e-05	8.556055e-06	5.529748e-06	2.591306e-06	1.289182e-06	6.434463e-07	2.825642e-07	7.750427e-08	7.932556e-09
79	0.03663793	0.02342732	0.01605617	0.01229955	0.01023363	0.0005873394	0.0002976415	0.0002165328	0.0001438312	0.0001090541	8.217384e-05	5.893949e-05	4.425658e-05	3.026808e-05	2.059958e-05	7.127223e-06	4.781465e-06	2.272422e-06	1.154084e-06	5.792911e-07	2.580464e-07	7.081216e-08
80	0.1222142	0.006405141	0.004612085	0.002430994	0.001497932	0.001001427	0.0001048779	6.451979e-05	5.007177e-05	3.625204e-05	2.966376e-05	2.19241e-05	1.571374e-05	1.132184e-05	7.062329e-06	4.047151e-06	1.607885e-06	9.57943e-07	4.267257e-07	1.994517e-07	9.83219e-08	4.308616e-08
81	0.0170507	0.009826241	0.002608812	0.00172094	0.0009032109	0.0004043554	0.0001633223	5.018626e-05	3.707706e-05	3.038673e-05	2.378292e-05	2.069623e-05	1.511367e-05	1.084006e-05	7.609081e-06	4.480227e-06	2.271112e-06	9.249765e-07	4.807627e-07	1.972861e-07	7.842329e-08	3.843808e-08
82	0.02461642	0.009631205	0.004118117	0.002112655	0.001345112	0.0007050654	0.0002984563	9.567304e-05	4.407589e-05	3.354786e-05	2.778801e-05	2.205805e-05	1.942354e-05	1.414434e-05	1.017707e-05	7.114102e-06	4.149763e-06	2.059341e-06	8.365582e-07	4.209579e-07	1.690853e-07	6.415176e-08
83	0.8281042	0.0242673	0.009471092	0.004009788	0.002092374	0.001331601	0.0006985545	0.0002953697	9.415466e-05	4.347229e-05	3.306937e-05	2.738329e-05	2.194656e-05	1.933812e-05	1.407769e-05	1.012869e-05	7.080198e-06	4.127878e-06	2.04586e-06	8.308768e-07	4.175811e-07	1.675901e-07
84	0.8301256	0.8264948	0.0235567	0.009188365	0.003865774	0.002051832	0.001309213	0.0006864665	0.0002900944	9.223122e-05	4.267126e-05	3.249918e-05	2.696502e-05	2.165163e-05	1.909876e-05	1.389031e-05	9.990538e-06	6.983558e-06	4.067019e-06	2.009797e-06	8.100832e-07	4.01967e-07
85	0.8381533	0.8280312	0.8256026	0.02292846	0.008850387	0.003620842	0.001895682	0.001267605	0.0006720024	0.0002840084	8.858852e-05	3.975686e-05	2.971145e-05	2.423324e-05	1.89722e-05	1.642529e-05	1.353324e-05	9.699685e-06	6.747624e-06	3.886009e-06	1.866535e-06	7.518771e-07
86	0.9431736	0.8222875	0.8158748	0.8168222	0.01731414	0.006274147	0.002085097	0.001134627	0.0006335391	0.0003756867	0.0001934544	7.368546e-05	3.390545e-05	2.590063e-05	2.147803e-05	1.725466e-05	1.520243e-05	1.257251e-05	9.054287e-06	6.256672e-06	3.555192e-06	1.671211e-06
87	0.9513301	0.9166716	0.8087134	0.8063498	0.8096825	0.01293795	0.004422019	0.001501637	0.0008021739	0.0004610177	0.0002582252	0.0001291525	4.759234e-05	1.992106e-05	1.445712e-05	1.143009e-05	8.569097e-06	7.158759e-06	5.749257e-06	4.003677e-06	2.700539e-06	1.55861e-06
88	0.2004069	0.1814121	0.1415794	0.02728636	0.01756844	0.01327508	0.009378782	0.002879664	0.000939774	0.0005063317	0.0002886384	0.0001632252	7.975947e-05	2.799488e-05	9.688473e-06	6.202461e-06	4.313098e-06	2.520214e-06	1.617538e-06	1.163026e-06	7.859323e-07	5.598088e-07
89	0.08025169	0.07340808	0.06829001	0.03069768	0.01151849	0.008671034	0.006412161	0.004048813	0.001859129	0.0005942578	0.0003205447	0.0001849861	0.0001045438	5.168617e-05	1.835182e-05	6.193839e-06	3.920308e-06	2.696811e-06	1.518887e-06	9.213709e-07	6.442303e-07	4.287254e-07
90	0.05917038	0.04975735	0.04806495	0.04708471	0.01058087	0.007825056	0.006608407	0.005056528	0.003117553	0.001341951	0.0004411637	0.0002444042	0.0001277478	8.567455e-05	4.389389e-05	1.615424e-05	5.391815e-06	3.400448e-06	2.329947e-06	1.29471e-06	7.68589e-07	5.309585e-07
91	0.06896652	0.05584151	0.04797423	0.04656084	0.04578483	0.009357936	0.007529653	0.006418612	0.004922091	0.003024914	0.00129351	0.0004102548	0.0002354373	0.0001209056	8.279869e-05	4.288842e-05	1.590044e-05	5.296743e-06	3.338172e-06	2.285445e-06	1.266845e-06	7.503179e-07
92	0.1500269	0.06593711	0.05381881	0.04763209	0.04637414	0.04562275	0.009218195	0.007439293	0.006354043	0.004873667	0.002994269	0.001280866	0.0004057556	0.0002330589	0.000119605	8.198668e-05	4.247474e-05	1.573945e-05	5.22462e-06	3.282936e-06	2.239176e-06	1.229146e-06
93	0.9062102	0.1455406	0.06515515	0.05323111	0.04742517	0.0462064	0.04547391	0.009116369	0.007357731	0.006286815	0.004822021	0.002962422	0.001267761	0.0004015065	0.0002305915	0.0001182867	8.109857e-05	4.205527e-05	1.558879e-05	5.159223e-06	3.235545e-06	2.202123e-06
94	0.4142353	0.3251513	0.09699988	0.06465651	0.05294314	0.04724314	0.04605291	0.04533664	0.00903448	0.007286897	0.006226575	0.004774886	0.002934429	0.001254692	0.0003957774	0.000226329	0.0001149487	7.805295e-05	4.171534e-05	1.547144e-05	5.111898e-06	3.203265e-06
95	0.3710081	0.3510427	0.264507	0.06107709	0.03012382	0.01851376	0.01256971	0.01105005	0.00997956	0.008910892	0.007182309	0.006142355	0.004712727	0.002896875	0.00123907	0.0003907545	0.0002234063	0.0001134163	7.697118e-05	4.118565e-05	1.53199e-05	5.054472e-06
96	0.4182993	0.3625121	0.3436567	0.2576339	0.05888521	0.02898036	0.01764731	0.01181207	0.01033276	0.009292949	0.00824936	0.006988665	0.005979825	0.004588652	0.002820797	0.001206532	0.0003805486	0.0002175974	0.0001105101	7.502291e-05	4.018116e-05	1.497739e-05
97	0.2886189	0.2245593	0.2043719	0.1916961	0.1797541	0.05435785	0.02709948	0.0162485	0.01120153	0.00980354	0.008820121	0.007829897	0.006618467	0.005718498	0.004388402	0.002695193	0.001152074	0.000362679	0.0002066702	0.0001040315	7.009619e-05	3.669844e-05
98	0.5119389	0.04322373	0.03268204	0.02659787	0.02417096	0.02258066	0.01385724	0.007936507	0.004437454	0.001979036	0.001744729	0.00159117	0.001443694	0.0009141395	0.0007703129	0.0005898605	0.0003624041	0.0001544597	4.874183e-05	2.760101e-05	1.39575e-05	9.42894e-06
99	0.03457274	0.0309711	0.01799862	0.01623146	0.01153137	0.0100418	0.009256446	0.004962708	0.003648405	0.003140782	0.0009725012	0.0008670164	0.0008046704	0.000752854	0.0003001962	0.0002398382	0.0001809386	0.0001119798	4.739182e-05	1.506657e-05	8.380171e-06	4.283437e-06
100	0.3450165	0.0319164	0.02867155	0.0169631	0.01595217	0.01128327	0.009817906	0.009047904	0.004849112	0.003591014	0.003115325	0.0009526086	0.0008496667	0.0007890899	0.0007407476	0.0002894822	0.0002306328	0.0001738673	0.0001076247	4.553822e-05	1.447324e-05	8.042162e-06
101	0.4189503	0.3343505	0.02973629	0.02650321	0.0149438	0.01392125	0.009413913	0.008554144	0.0080121	0.004837227	0.00358388	0.003109936	0.0009492471	0.0008465816	0.0007871169	0.0007389653	0.0002881251	0.0002295578	0.0001730532	0.0001071203	4.531559e-05	1.440587e-05
102	0.9774677	0.4095041	0.3274663	0.02912058	0.02593899	0.01454166	0.01352949	0.009270575	0.008436008	0.007934984	0.004805344	0.003563854	0.003094492	0.0009382658	0.000836295	0.0007811683	0.0007335159	0.0002848238	0.0002267409	0.0001708871	0.000105773	4.471273e-05
103	0.9753309	0.9545123	0.4023493	0.3223233	0.0254889	0.02245888	0.01108794	0.01007675	0.008778707	0.007988776	0.007507787	0.004669796	0.003493801	0.003049773	0.0009085859	0.0008110985	0.0007597948	0.000714682	0.0002709181	0.0002149439	0.0001619461	0.0001002978
104	0.6434483	0.631856	0.6189503	0.3348388	0.2955922	0.01813688	0.01673233	0.005992507	0.005296561	0.004271225	0.003871937	0.003545193	0.001479026	0.0006900916	0.0004069805	0.0002999774	0.0002293302	0.0001953656	0.0001677898	0.0001473991	0.0001100725	8.154978e-05
105	0.07696624	0.0617292	0.05622871	0.05241836	0.02797651	0.02006609	0.005337541	0.004122443	0.003576768	0.003286415	0.002872255	0.002668283	0.002497116	0.0009707262	0.0004687041	0.000270593	0.0001984136	0.000166613	0.0001428737	0.0001219989	0.0001064842	9.013307e-05
106	0.2699615	0.03440478	0.03000824	0.02751739	0.02560343	0.01263831	0.008581091	0.002834241	0.002184359	0.001988802	0.001877876	0.001556988	0.001426567	0.001321702	0.0006295272	0.0002788201	0.0001533461	0.0001073987	8.713842e-05	7.191607e-05	5.95076e-05	5.053755e-05
107	0.03792196	0.02202739	0.01425963	0.01188284	0.01091707	0.01004665	0.005489854	0.003680422	0.001647194	0.001458327	0.00140491	0.001364649	0.001101616	0.001012069	0.0009458766	0.0004200825	0.0001638414	8.558291e-05	5.719043e-05	4.474024e-05	3.508809e-05	2.827699e-05
108	0.05974812	0.02359757	0.01805093	0.01129575	0.009224166	0.008463423	0.007850912	0.004314902	0.002861693	0.00115796	0.0009940017	0.0009453381	0.0009071517	0.0007747192	0.0007215565	0.0006790169	0.0002755267	0.0001230874	6.671806e-05	4.646712e-05	3.738489e-05	3.041735e-05
109	0.07639483	0.04046242	0.01611627	0.01138996	0.007680529	0.00593938	0.005368294	0.004911296	0.002935485	0.001970222	0.0006889902	0.0005620951	0.000521917	0.0004886692	0.0004438722	0.0004168959	0.0003915906	0.000161817	8.594908e-05	4.915003e-05	3.552011e-05	2.927955e-05
110	0.1028465	0.06148326	0.03242616	0.01213682	0.008215576	0.00607045	0.004640028	0.004201106	0.003837796	0.002274425	0.001490205	0.0004879277	0.0003884183	0.0003561479	0.0003281468	0.0002953016	0.0002767622	0.0002563503	0.00013209	7.261768e-05	4.149373e-05	2.994591e-05
111	0.05860455	0.03920813	0.02592782	0.01723051	0.005759045	0.003723152	0.002939935	0.002480123	0.002256527	0.002050582	0.001179253	0.0008127706	0.0002651144	0.0002124834	0.0001940699	0.0001757667	0.0001644729	0.0001552529	0.000143815	8.285625e-05	4.8952e-05	2.792085e-05
112	0.07278856	0.04992741	0.03322252	0.02149063	0.01508369	0.004815508	0.003114708	0.002577635	0.002213537	0.002024555	0.001857199	0.001091187	0.0007581	0.0002408207	0.0001920884	0.0001768327	0.0001657364	0.0001554012	0.0001468335	0.0001360314	7.930731e-05	4.702104e-05
113	0.3390013	0.06352696	0.04438054	0.03062986	0.01976595	0.01388427	0.004259362	0.002927092	0.002456899	0.002122091	0.001942422	0.001783375	0.001053422	0.0007347441	0.0002325563	0.0001857933	0.0001712003	0.0001608303	0.0001509263	0.0001426701	0.0001321785	7.721113e-05
114	0.3775681	0.3328012	0.06042705	0.04162336	0.02845881	0.01894354	0.01340202	0.004128524	0.00285614	0.002401393	0.002075196	0.001899698	0.001744456	0.001029391	0.0007192023	0.0002252482	0.0001793924	0.0001650505	0.0001548598	0.0001466581	0.0001389562	0.0001288386
115	0.4563453	0.3614396	0.3246149	0.05434651	0.03657897	0.02633579	0.01742467	0.01243945	0.003843765	0.002688692	0.002267096	0.001971119	0.001807789	0.001660092	0.0009833172	0.0006874246	0.0002126082	0.0001681792	0.0001546108	0.0001448272	0.0001379583	0.0001306951
116	0.4292988	0.3736714	0.3288163	0.3021184	0.03603477	0.02131084	0.01564069	0.01037054	0.007263836	0.002910292	0.002164146	0.001851867	0.001621303	0.001488364	0.00136179	0.0008098758	0.0005623862	0.0001770538	0.0001385353	0.0001267549	0.0001181953	0.0001124539
117	0.4167291	0.3574347	0.3363726	0.313064	0.2909398	0.02665949	0.01382593	0.01058581	0.00661877	0.004891404	0.00237002	0.0019027	0.001660179	0.001470287	0.001356005	0.001239613	0.0007488938	0.0005225269	0.0001572375	0.0001208073	0.0001097972	0.0001022568
118	0.3883764	0.3651431	0.3276674	0.3131928	0.2915203	0.2709309	0.02402336	0.01197696	0.009253397	0.005729821	0.004308744	0.002237066	0.001834536	0.001610302	0.001432015	0.001323525	0.001209227	0.0007322532	0.0005115164	0.0001506156	0.0001146329	0.0001037253
119	0.389118	0.370846	0.3538795	0.319883	0.3066698	0.2888361	0.2690661	0.022728	0.01137194	0.00877758	0.005372749	0.004045556	0.002128758	0.001752323	0.001541185	0.001373604	0.001271138	0.001161636	0.0007052697	0.0004935741	0.0001432645	0.0001087532
120	0.09650152	0.0498917	0.04634573	0.04367582	0.02576651	0.0224968	0.01835427	0.01511971	0.008091186	0.003380193	0.002458316	0.0008862591	0.0006317542	0.0003708847	0.0002931519	0.0002495149	0.0002159452	0.0001942708	0.0001775713	0.0001150815	7.82654e-05	4.742972e-05
121	0.06289155	0.03607431	0.02810711	0.02629152	0.02431764	0.01873381	0.01579184	0.01293567	0.01066815	0.004405666	0.003106485	0.002231215	0.0007154437	0.0005139313	0.0003118099	0.0002610815	0.0002263524	0.0001975236	0.0001783264	0.0001628669	0.0001063416	7.225431e-05
122	0.1304924	0.05355955	0.02791625	0.02084148	0.01910578	0.01781355	0.01221922	0.009413475	0.006730583	0.004538154	0.003260531	0.002053586	0.001915903	0.0006012184	0.0004563082	0.0002704303	0.0002205865	0.0001879477	0.0001608697	0.0001438897	0.0001290965	8.465772e-05
123	0.3668368	0.09555626	0.02967966	0.01698539	0.01451379	0.01380527	0.0126678	0.008660216	0.00686322	0.005250647	0.003434125	0.002447083	0.001937115	0.001825941	0.0005464909	0.0004198176	0.0002483686	0.0002040787	0.0001737106	0.0001490758	0.0001335245	0.0001200359
124	0.1734405	0.1140551	0.07687811	0.02311747	0.01288151	0.01110346	0.01046331	0.009361243	0.006191615	0.004598489	0.003284345	0.001703777	0.001140419	0.0007518908	0.0006369432	0.000529612	0.0004091015	0.0002428426	0.0001995081	0.0001701391	0.0001460167	0.0001308184
125	0.330529	0.148408	0.1099237	0.07432173	0.02184049	0.01210809	0.01041791	0.009803791	0.008826571	0.00577953	0.004229247	0.002971481	0.001623203	0.001083832	0.0007090911	0.0005992048	0.0004963313	0.0003839873	0.0002252595	0.0001832493	0.0001546263	0.0001310795
126	0.4356331	0.1512117	0.09292888	0.06641595	0.04401374	0.0162117	0.008740455	0.0077141	0.007233848	0.006895478	0.004252485	0.002902772	0.001928494	0.0008567877	0.0004942056	0.0002934803	0.0002447582	0.0001929096	0.0001516803	8.557631e-05	7.149788e-05	6.212777e-05
127	0.1967228	0.1566771	0.1109107	0.06575099	0.05197715	0.0354747	0.01320798	0.006853715	0.006051196	0.005639668	0.005352396	0.003306708	0.002260641	0.001471009	0.0006905655	0.0004006141	0.0002520941	0.0002099635	0.0001638152	0.0001283461	7.068352e-05	5.859882e-05
128	0.2290223	0.1372088	0.1172821	0.07879806	0.04094766	0.03054201	0.02295042	0.007980568	0.003875094	0.003459774	0.003198581	0.003004187	0.0018864	0.00130675	0.0008363734	0.00043853	0.0002617179	0.0001706888	0.0001405078	0.0001058295	8.118473e-05	4.072933e-05
129	0.6761496	0.2046215	0.1199156	0.1003722	0.06741038	0.03877495	0.0286989	0.02134001	0.00734799	0.00337312	0.002993596	0.002756253	0.002570599	0.001677889	0.001208607	0.0007809216	0.0004113754	0.0002476382	0.0001631566	0.0001356235	0.000101892	7.816653e-05
130	0.3066373	0.2421057	0.1250551	0.07049842	0.06004386	0.03964387	0.03091162	0.0230685	0.01737704	0.005653341	0.00250924	0.002247531	0.00206342	0.001917473	0.001244519	0.0008872046	0.0005637554	0.0003034399	0.000177577	0.000113384	9.292361e-05	7.314775e-05
131	0.4388869	0.2353947	0.1827109	0.09470363	0.04565713	0.03585512	0.02847337	0.02242635	0.01511798	0.009723309	0.004153231	0.001635794	0.001446164	0.001306561	0.001177256	0.0008926912	0.0007196139	0.0004693889	0.0002611564	0.0001569134	0.0001036131	8.462172e-05
132	0.3313224	0.2790966	0.1858756	0.1635078	0.081034	0.03543891	0.02676087	0.01993817	0.01449211	0.01115364	0.007612725	0.003837557	0.001462999	0.00129185	0.001161288	0.001036517	0.0008189754	0.0006800887	0.0004459181	0.0002498821	0.0001509584	0.0001003215
133	0.377885	0.2385214	0.1970396	0.1541356	0.135393	0.07443606	0.03039566	0.02520744	0.01892383	0.0136963	0.01067291	0.007337928	0.003723133	0.001406032	0.001242722	0.001115782	0.0009936983	0.0007903467	0.0006588156	0.000431731	0.0002433616	0.0001470405
134	0.5282518	0.2339736	0.1292115	0.09643397	0.07265762	0.0610606	0.02615755	0.01862244	0.01596026	0.01053195	0.006887218	0.005377672	0.003695382	0.001860765	0.0007119755	0.000630819	0.0005659745	0.0005041534	0.0003987676	0.0003317209	0.0002182531	0.0001239508
135	0.7746694	0.5120473	0.2317282	0.1283268	0.09568548	0.07213468	0.0606469	0.0260049	0.01850453	0.01587161	0.01048222	0.0068626	0.005358438	0.003682115	0.00185473	0.00070927	0.0006284493	0.0005638096	0.000502161	0.0003973426	0.0003306135	0.0002175125
136	0.6083175	0.5221519	0.3576306	0.1196703	0.05970314	0.05153447	0.03849635	0.03133459	0.01360798	0.009522257	0.008720439	0.00407386	0.001713595	0.001354796	0.0009338846	0.0004400847	0.0001786463	0.0001594858	0.0001452248	0.0001299851	9.952467e-05	8.168486e-05
137	0.330045	0.2956882	0.2746496	0.113894	0.09132589	0.04137693	0.0351258	0.02673242	0.02094395	0.008899498	0.007072347	0.006817167	0.00240427	0.00045809	0.0003774427	0.0002651577	9.91694e-05	4.624826e-05	4.159033e-05	3.840344e-05	3.558344e-05	2.355932e-05
138	0.349231	0.2908811	0.259493	0.2449809	0.09002787	0.07263857	0.03765769	0.03205289	0.02399223	0.01886509	0.008141963	0.006552434	0.00647384	0.002124462	0.0002859644	0.0002414768	0.0001780168	5.4908e-05	2.888669e-05	2.618139e-05	2.457355e-05	2.327269e-05
139	0.4031681	0.3215361	0.2878992	0.2578142	0.2435569	0.08899208	0.0718641	0.03719702	0.03172771	0.02377997	0.01871001	0.008085943	0.006512163	0.006437717	0.002110081	0.0002783607	0.0002361613	0.0001747192	5.335127e-05	2.822299e-05	2.559924e-05	2.405147e-05
140	0.648818	0.3830478	0.3022377	0.2787265	0.2538152	0.2401931	0.08573288	0.07174902	0.03713618	0.03167218	0.02374445	0.018679	0.008077685	0.006506193	0.006432655	0.002106241	0.000277853	0.0002357541	0.0001744205	5.324041e-05	2.816622e-05	2.55486e-05
141	0.6165269	0.3207178	0.2861426	0.2511174	0.2305717	0.2229074	0.2175243	0.06512627	0.0549973	0.02881229	0.02461324	0.01695174	0.01295507	0.004930397	0.003877302	0.003855649	0.0004036014	5.222902e-05	4.222676e-05	2.981745e-05	1.210728e-05	8.136379e-06
142	0.3370629	0.3160724	0.2556038	0.2462404	0.2362877	0.2177348	0.2131491	0.2096553	0.05776134	0.04817617	0.02436081	0.02049592	0.01287856	0.009212701	0.001920704	0.0009541692	0.0009248245	0.0002667029	2.685922e-05	2.108403e-05	1.421462e-05	7.094197e-06
143	0.3234466	0.3112855	0.2935052	0.2393858	0.2309563	0.2221807	0.2041415	0.1999466	0.19689	0.05462333	0.0460007	0.02347806	0.01976795	0.01218804	0.008695442	0.001777015	0.0008594239	0.0008355193	0.0002272273	2.036852e-05	1.579049e-05	1.05212e-05
144	0.9276692	0.3032924	0.2970019	0.2797343	0.2311621	0.2234339	0.2158002	0.1978457	0.1938944	0.1910985	0.05009771	0.04166368	0.02203325	0.01856935	0.01114573	0.007929196	0.001620341	0.0007840021	0.0007646792	0.0001978477	1.715778e-05	1.321562e-05
145	0.3080295	0.2905898	0.254846	0.2519361	0.2499498	0.2172602	0.2105802	0.2051043	0.1888672	0.1853513	0.1831215	0.04291426	0.03469147	0.01922005	0.01625674	0.008888592	0.006184773	0.0009933111	0.0003207111	0.0003038176	0.0001285659	1.063193e-05
146	0.1654889	0.1140859	0.1021817	0.09025978	0.08807945	0.08769075	0.06927023	0.0630509	0.05854839	0.04405911	0.04069569	0.03863526	0.037363	0.02925928	0.01717564	0.01467439	0.007366832	0.005073403	0.0007809022	0.0002259671	0.0002100126	0.0001065526
147	0.1534864	0.1465106	0.09766032	0.08675433	0.07818624	0.07692722	0.07658668	0.05892597	0.0533948	0.04914947	0.03467419	0.03137491	0.03087822	0.02968543	0.02793324	0.01668557	0.01428458	0.006992366	0.004802288	0.0007376482	0.0002113413	0.000195632
148	0.1588118	0.1260942	0.1218336	0.08080186	0.07023234	0.06214081	0.06100206	0.06073712	0.04336684	0.03786653	0.03367511	0.03294338	0.02965002	0.02915742	0.02800854	0.0262704	0.01552284	0.01421421	0.006924227	0.004752605	0.0007294172	0.000208057
149	0.3930233	0.1454022	0.1158729	0.1119049	0.0726765	0.06521932	0.05825354	0.05714577	0.05688929	0.04006682	0.03461737	0.03077273	0.03004658	0.0294662	0.02899851	0.02785491	0.0261594	0.01546568	0.01416345	0.006896384	0.004731612	0.0007256217
150	0.09044266	0.06978425	0.03898437	0.03773148	0.03686058	0.01980699	0.01863816	0.01819984	0.01798744	0.01794185	0.01204574	0.01126886	0.009672033	0.009552674	0.009210061	0.009093833	0.008593264	0.008199223	0.004317212	0.003819458	0.003768081	0.002453878
151	0.02934814	0.02856063	0.02624254	0.02528334	0.02492788	0.02416245	0.008804059	0.008045627	0.007885198	0.007781319	0.007760739	0.005605883	0.005220518	0.004429564	0.004353276	0.004073486	0.003992805	0.00377629	0.00350034	0.001853262	0.001639259	0.001610734
152	0.02231447	0.01079058	0.01023979	0.008303845	0.00766032	0.007368085	0.006891753	0.004680912	0.004181697	0.004061336	0.004011777	0.004000661	0.002778095	0.00255856	0.002114091	0.002074818	0.002033138	0.001972309	0.001875841	0.001685263	0.0009890845	0.0008971274
153	0.05797429	0.009863522	0.006275123	0.006057447	0.005490831	0.005356228	0.005298972	0.004848189	0.002875497	0.002524237	0.002440684	0.002411662	0.002404792	0.001676454	0.001525419	0.001256271	0.001231863	0.001200816	0.001191813	0.00114698	0.001014688	0.0005744354
154	0.7694734	0.03608572	0.006184565	0.004185308	0.004017563	0.00387484	0.003815841	0.003774469	0.003327553	0.001395397	0.001220149	0.00115217	0.001138639	0.001134244	0.0008598607	0.0007654138	0.0006653129	0.0006426246	0.0006152064	0.0006083684	0.0005830647	0.0004556902
155	0.9687841	0.7722847	0.03321999	0.00568492	0.003725158	0.00355994	0.003419699	0.003364228	0.003323006	0.003297208	0.001358772	0.001183738	0.001115687	0.001102671	0.001098321	0.000834105	0.0007413988	0.0006452657	0.0006226881	0.0005977015	0.0005909788	0.0005663812
156	0.9770691	0.94756	0.7678398	0.02297606	0.003691802	0.001988804	0.001843167	0.001716873	0.001669484	0.001629599	0.001619438	0.001221918	0.001083364	0.001017001	0.00100479	0.001000563	0.0007462802	0.0007017006	0.0006093575	0.0005870435	0.0005678961	0.0005622257
157	0.9165767	0.9096357	0.8824415	0.7726317	0.02211498	0.003416575	0.001844179	0.001705162	0.001586447	0.001542557	0.001513811	0.001506097	0.001132941	0.0009996109	0.0009538883	0.0009428084	0.0009387665	0.0006992767	0.0006567153	0.0005726437	0.0005522047	0.0005367977
158	0.9298367	0.905524	0.903544	0.8788226	0.7767141	0.02013146	0.003206836	0.001744125	0.001613131	0.001506485	0.0014658	0.00143789	0.001431015	0.001057897	0.00092411	0.0008787552	0.0008683941	0.0008644584	0.0006403712	0.0005997418	0.0005211975	0.000500776
159	0.9794386	0.9120504	0.8923027	0.8905619	0.8664941	0.7813386	0.01867703	0.002337659	0.001052764	0.001020189	0.0009438365	0.000916788	0.000903802	0.0008995151	0.0008691603	0.0007538448	0.0007125768	0.0007034881	0.0006998066	0.0005014088	0.0004651771	0.0003934051
160	0.16515	0.1638223	0.1078747	0.09867118	0.09786973	0.08410401	0.01483493	0.01449867	0.001944396	0.0008553085	0.0008328829	0.0007702777	0.0007469008	0.0007359413	0.0007332568	0.0007098118	0.000661358	0.0006228597	0.0006148873	0.0006114314	0.0004367013	0.0004035539
161	0.08422049	0.07726117	0.07694504	0.06483998	0.06045233	0.05987541	0.05660297	0.006038392	0.005757738	0.001759518	0.0007620127	0.0007429085	0.0006856885	0.0006642687	0.0006542542	0.0006518756	0.0006292496	0.0005834796	0.0005461546	0.0005389753	0.0005362458	0.000380355
162	0.06506901	0.05680183	0.05099309	0.05081779	0.0457076	0.04495641	0.044403	0.0418577	0.00479385	0.004557152	0.001185885	0.0006036006	0.0005879094	0.0005373336	0.0005192655	0.0005110319	0.0005092651	0.0004893818	0.0004479689	0.0004124039	0.0004063908	0.000404845
163	0.06961165	0.04944072	0.04193488	0.03631371	0.03619205	0.0349559	0.03447833	0.03417153	0.03251878	0.002705934	0.002486868	0.00100136	0.000513998	0.0005010552	0.0004554375	0.0004393623	0.0004319232	0.0004304217	0.0004113339	0.0003704931	0.0003354848	0.0003301979
164	0.8237974	0.04924104	0.03734933	0.03556606	0.03142879	0.03131378	0.03024859	0.0298605	0.02955771	0.02799381	0.002267029	0.002067924	0.0007960688	0.0004342801	0.0004229553	0.0003800908	0.0003664902	0.0003633272	0.0003622211	0.0003533433	0.000317272	0.0002829447
165	0.189515	0.1878785	0.03193386	0.02926943	0.02836213	0.02473984	0.02467125	0.02395847	0.02380344	0.02367022	0.02227969	0.001482242	0.001316502	0.0004220218	0.0001968055	0.0001891388	0.0001800314	0.0001693338	0.0001672938	0.0001666547	0.0001592322	0.0001514628
166	0.08185012	0.07412522	0.07342675	0.02585888	0.02461627	0.02410284	0.02056138	0.02049473	0.01984245	0.01973716	0.01961948	0.01829969	0.0009709968	0.0008920204	0.0002714973	0.0001171487	0.0001118201	0.0001062188	0.0001005234	9.900933e-05	9.857137e-05	9.170549e-05
167	0.09727407	0.0634088	0.05894761	0.0584805	0.0202737	0.01961461	0.01915294	0.0156114	0.01558539	0.015305	0.01523304	0.01516638	0.01400585	0.0006715761	0.0006213193	0.0001868328	7.666358e-05	7.292005e-05	6.921142e-05	6.436461e-05	6.355661e-05	6.32319e-05
168	0.1541313	0.05991216	0.04943349	0.04640447	0.04609012	0.01488278	0.0144752	0.01410229	0.01335586	0.01333023	0.01305618	0.01300447	0.01294045	0.01181434	0.0004314383	0.0003951203	0.0001154118	4.310629e-05	4.019348e-05	3.809438e-05	3.393744e-05	3.341444e-05
169	0.1269068	0.08171778	0.04790255	0.04282814	0.04065374	0.04042757	0.01356383	0.01327908	0.01307834	0.01234293	0.01231747	0.01205135	0.01200973	0.0119482	0.01083283	0.0002967099	0.000275441	7.732325e-05	2.453769e-05	2.212869e-05	2.087598e-05	1.809113e-05
170	0.8470149	0.1091113	0.07359135	0.04245703	0.03810571	0.03653183	0.03638097	0.01007295	0.009855466	0.009674648	0.008940856	0.008936628	0.00888394	0.008857845	0.008841835	0.007941928	0.0002182062	0.0002024883	6.622058e-05	1.905261e-05	1.694615e-05	1.599354e-05
171	0.1353647	0.1077795	0.0757507	0.06035192	0.03594923	0.03355484	0.03237281	0.03228002	0.007563119	0.007400079	0.007237067	0.007209418	0.00720536	0.007161317	0.007143124	0.007127674	0.006233071	0.0001890812	0.0001786681	5.78197e-05	1.550985e-05	1.350544e-05
172	0.1043367	0.07894031	0.06440503	0.04084301	0.0313962	0.01154333	0.009603267	0.008615182	0.008531918	0.00645366	0.006304027	0.006172432	0.006149117	0.006145088	0.00610525	0.006090665	0.006075271	0.005176899	0.000174291	0.0001668427	5.386711e-05	1.329352e-05
173	0.08906671	0.04910751	0.03975511	0.03522367	0.03029221	0.02361152	0.004150014	0.002651459	0.002288463	0.002252312	0.001059468	0.001013906	0.0009144058	0.0008934129	0.0008932352	0.0008716126	0.0008651623	0.0008626326	0.0006132486	6.052961e-05	5.834803e-05	5.013906e-05
174	0.165102	0.05716655	0.03656695	0.03120639	0.02915949	0.02629793	0.02153875	0.00303109	0.001817883	0.001620118	0.001597207	0.0006203219	0.000585151	0.0005701302	0.0005621652	0.0005620496	0.0005508107	0.0005471206	0.0005448589	0.0002943247	5.385893e-05	5.22566e-05
175	0.1107493	0.07788393	0.03430908	0.01600399	0.01270883	0.01126809	0.008776959	0.00433997	0.002752262	0.00157505	0.001410613	0.001390659	0.0004719513	0.0004482248	0.0004360545	0.0004340444	0.0004339653	0.0004267314	0.000424183	0.0004219493	0.0001693706	1.590915e-05
176	0.1243308	0.07724054	0.05446434	0.02432825	0.01277713	0.01096889	0.01024401	0.007942413	0.003685731	0.002207555	0.001222869	0.001072657	0.001055846	0.0001730687	0.0001520579	0.0001410061	0.0001392243	0.0001391741	0.0001331671	0.0001309422	0.0001306918	0.0001299177
177	0.1807943	0.06577712	0.04938118	0.0410487	0.02232503	0.01183584	0.01029451	0.009826988	0.007600593	0.003457739	0.002090302	0.001113551	0.001004025	0.0009877751	0.0001118187	9.176615e-05	8.113557e-05	7.970744e-05	7.966249e-05	7.385798e-05	7.176886e-05	7.15402e-05
178	0.3435012	0.1509328	0.06031775	0.04726226	0.04024108	0.02222094	0.01171097	0.01029251	0.009836182	0.00760222	0.003447985	0.002082041	0.001098195	0.000989621	0.0009749679	0.0001088804	8.920011e-05	7.851384e-05	7.709221e-05	7.704747e-05	7.122893e-05	6.93637e-05
179	0.2905492	0.1289001	0.05806728	0.02327756	0.01925188	0.01666009	0.01068838	0.008587413	0.008103113	0.007951409	0.005868909	0.002418228	0.001864486	0.0009635916	0.0008852739	0.0008785807	5.03771e-05	3.612687e-05	3.308251e-05	3.256147e-05	3.254394e-05	3.057105e-05
180	0.2676053	0.212148	0.09507262	0.0392126	0.01320709	0.01029345	0.009072278	0.004750268	0.003453103	0.0031777	0.003069875	0.001014961	0.0005588502	0.0001965985	9.618087e-05	7.47228e-05	7.266769e-05	2.396552e-05	2.16594e-05	1.970103e-05	1.930973e-05	1.92983e-05
181	0.446057	0.2049929	0.1676777	0.07641026	0.02935466	0.008508749	0.006300756	0.005454751	0.002217701	0.001297961	0.001089969	0.001006072	0.0007654255	0.0004155184	0.0001217225	5.61494e-05	4.092212e-05	3.940007e-05	1.85115e-05	1.690012e-05	1.545627e-05	1.514516e-05
182	0.3636133	0.3109746	0.1773364	0.1468551	0.06570382	0.02402522	0.007305983	0.005457988	0.00474897	0.001976016	0.001182535	0.001001829	0.0009273778	0.0006986306	0.0003761682	0.0001102544	5.070571e-05	3.672293e-05	3.536001e-05	1.64741e-05	1.501394e-05	1.374527e-05
183	0.8512589	0.2912719	0.2444046	0.1498343	0.1217606	0.05499426	0.02235746	0.007106508	0.00537546	0.004669917	0.001974773	0.001180908	0.001000843	0.0009273072	0.0006976931	0.0003753239	0.000109208	4.957222e-05	3.555485e-05	3.418865e-05	1.64455e-05	1.498199e-05
184	0.2395128	0.1381395	0.09270431	0.08978247	0.04083587	0.03202701	0.01516586	0.004588122	0.001355707	0.001053015	0.001014369	0.0004142329	0.0003589958	0.0003370144	0.0003236486	0.000138772	7.266656e-05	3.455139e-05	2.229771e-05	1.891451e-05	1.868236e-05	4.968129e-06
185	0.1554531	0.1380263	0.1031601	0.06419413	0.06211445	0.02509232	0.02047513	0.01004577	0.003195313	0.00091303	0.0007047586	0.0006836866	0.000199009	0.0001596944	0.0001472972	0.000139384	5.853119e-05	3.167683e-05	1.59827e-05	1.096354e-05	9.412537e-06	9.309521e-06
186	0.1143712	0.10699	0.1001582	0.07142115	0.04820739	0.04721472	0.01801401	0.01469695	0.007455196	0.002365901	0.0006396296	0.0004893455	0.0004774001	7.480516e-05	4.50893e-05	3.67378e-05	3.20747e-05	1.724711e-05	9.862907e-06	4.347287e-06	3.22392e-06	2.713958e-06
187	0.1044483	0.09274239	0.08905464	0.0834934	0.05492049	0.03908818	0.03835511	0.01441895	0.01179212	0.006081093	0.002031878	0.0005523865	0.0004292847	0.0004190493	5.994566e-05	3.367045e-05	2.656339e-05	2.246454e-05	1.322911e-05	8.247957e-06	3.40792e-06	2.593659e-06
188	0.1371029	0.05896774	0.05256588	0.05086196	0.0464486	0.04412936	0.0305215	0.02987629	0.01067379	0.008688369	0.004653512	0.001571392	0.0003190243	0.0002262205	0.0002186253	4.328608e-05	2.40777e-05	1.82081e-05	1.590203e-05	1.00484e-05	6.003932e-06	2.798937e-06
189	0.2298018	0.1038279	0.04120499	0.03629471	0.03467774	0.03039836	0.02827385	0.0159508	0.01536009	0.007688446	0.006288427	0.003504663	0.001304374	0.000251182	0.0001816571	0.0001749626	3.848456e-05	2.198762e-05	1.691111e-05	1.501297e-05	9.743039e-06	5.850863e-06
190	0.3678263	0.1444696	0.06989433	0.02495457	0.02134964	0.02004551	0.01675877	0.01485779	0.005710794	0.00529113	0.003027261	0.002569991	0.001748632	0.0008412736	0.0001110611	8.221877e-05	7.993669e-05	1.249075e-05	7.85211e-06	6.068938e-06	5.261057e-06	4.163528e-06
191	0.1592191	0.1253269	0.112048	0.04057395	0.01164778	0.008868788	0.008568458	0.005743253	0.005646448	0.002068149	0.001725263	0.001091556	0.0008862077	0.0006421076	0.0001127154	2.136025e-05	1.290895e-05	1.202328e-05	3.230414e-06	2.571047e-06	2.251653e-06	2.118882e-06
192	0.1330655	0.1081456	0.09546957	0.09250542	0.02664196	0.007884177	0.005901249	0.005646804	0.00362371	0.003585062	0.001182431	0.0009355767	0.0005203439	0.0003757105	0.0002048001	7.190459e-05	1.40154e-05	8.458627e-06	7.706863e-06	2.359792e-06	1.911653e-06	1.65604e-06
193	0.1819771	0.0389373	0.03183693	0.01964124	0.01685377	0.01566471	0.004641695	0.003506666	0.00326452	0.002104517	0.002078682	0.0007012801	0.0005611413	0.0003205308	0.0002305296	0.0001172949	4.671451e-05	9.194654e-06	5.528811e-06	5.189632e-06	1.794755e-06	1.491664e-06
194	0.08409234	0.03212059	0.02422104	0.01961677	0.00778357	0.006631593	0.005507182	0.001929029	0.001475851	0.001240579	0.0007975767	0.0007799851	0.0002870364	0.0002321108	0.000141669	0.0001093816	4.595494e-05	1.820712e-05	4.247586e-06	2.862563e-06	2.621635e-06	1.282078e-06
195	0.6458936	0.05681456	0.01515171	0.01292571	0.009462895	0.003822974	0.002806862	0.002288059	0.0008662604	0.0007175806	0.0005209494	0.0003552042	0.0003411567	0.0001455549	0.0001238799	8.261856e-05	6.905819e-05	2.208293e-05	8.691208e-06	2.559949e-06	1.938177e-06	1.762743e-06
196	0.829054	0.6007807	0.04918546	0.008436506	0.006732834	0.005543262	0.002246158	0.00124964	0.0009659971	0.0003998055	0.0003432396	0.0002397165	0.0001796728	0.0001686318	8.974905e-05	8.130954e-05	5.948243e-05	5.334772e-05	1.252741e-05	4.801951e-06	1.879213e-06	1.572222e-06
197	0.9084723	0.8236463	0.6023915	0.04691662	0.006067961	0.004622984	0.003993605	0.001701165	0.000720973	0.0005690905	0.0002676687	0.0002375223	0.000160088	0.0001301705	0.000119907	7.419119e-05	6.949807e-05	5.317381e-05	4.914276e-05	9.810817e-06	3.696979e-06	1.689242e-06
198	0.9818926	0.9089005	0.831628	0.6084777	0.04635216	0.005097745	0.003691866	0.003250049	0.001476144	0.0005462269	0.0004427537	0.0002244074	0.0002033707	0.0001337815	0.0001136446	0.0001035486	6.856702e-05	6.508095e-05	5.052416e-05	4.717154e-05	8.74653e-06	3.266085e-06
199	0.9611701	0.9587439	0.8962301	0.8394154	0.6149115	0.04614049	0.004449358	0.003084679	0.002816578	0.001285707	0.000375854	0.0002994958	0.000179711	0.0001673797	0.0001058459	9.555528e-05	8.566699e-05	6.210231e-05	5.994057e-05	4.755412e-05	4.495208e-05	7.809267e-06
200	0.8992728	0.8882627	0.8865666	0.8304457	0.7782193	0.6206845	0.04522962	0.003688792	0.002482226	0.002257314	0.001058687	0.0003187058	0.0002610063	0.0001603247	0.0001498992	8.9188e-05	8.07378e-05	7.086901e-05	5.141171e-05	4.962149e-05	3.889351e-05	3.661741e-05
201	0.9399025	0.8543642	0.8461416	0.8446553	0.8092354	0.7854723	0.62676	0.04443402	0.003041278	0.001954858	0.001760123	0.0008441289	0.0002682375	0.0002238861	0.0001448373	0.0001356596	7.528913e-05	6.803433e-05	5.816198e-05	4.189613e-05	4.039128e-05	3.112563e-05
202	0.9618049	0.9182788	0.8415827	0.8350744	0.8338578	0.8081045	0.7930958	0.6331113	0.04372304	0.002449452	0.001474586	0.001305335	0.0006456916	0.000222354	0.0001896242	0.0001318309	0.0001236972	6.347674e-05	5.723283e-05	4.734217e-05	3.375274e-05	3.251309e-05
203	0.2753012	0.2704951	0.2644316	0.2504494	0.2455596	0.2446678	0.2238657	0.210779	0.04963572	0.04295843	0.00182066	0.000960595	0.0008191012	0.0004223971	0.0001385238	0.0001176043	7.177695e-05	6.481278e-05	5.119542e-05	4.603237e-05	3.614226e-05	2.534952e-05
204	0.05393913	0.05247317	0.05218593	0.04845691	0.04555745	0.04178817	0.04104334	0.02401056	0.0126205	0.009298442	0.003346206	0.001403884	0.0006373556	0.0005142049	0.0003002284	0.0001115306	9.872421e-05	6.129561e-05	5.509778e-05	4.19787e-05	3.756197e-05	2.767004e-05
205	0.04690786	0.03585559	0.03558788	0.03536248	0.03331325	0.03116151	0.02814647	0.02749766	0.0176177	0.007223956	0.004653656	0.001904422	0.0009885658	0.0004318078	0.000319653	0.0002097214	7.458416e-05	6.640826e-05	3.368021e-05	2.791062e-05	2.681139e-05	2.282482e-05
206	0.2119013	0.04008516	0.03084361	0.03065813	0.03044231	0.02874514	0.02706579	0.02430538	0.0237041	0.01496807	0.005001622	0.002722644	0.001323653	0.000843934	0.0003392636	0.0002424455	0.0001775468	6.456238e-05	5.845825e-05	2.77458e-05	2.443477e-05	2.350155e-05
207	0.1303542	0.03872131	0.02768195	0.02587793	0.02574414	0.02566293	0.02430591	0.02291992	0.02038006	0.01991807	0.01231612	0.003040704	0.001024712	0.0005050819	0.0003106399	0.0002851232	0.0001926124	0.0001571302	5.818458e-05	5.361877e-05	2.462682e-05	2.153104e-05
208	0.8128821	0.10943	0.02728711	0.02254338	0.02138803	0.02127991	0.02125059	0.02020688	0.01899507	0.01667742	0.01632735	0.009811141	0.002059175	0.0003789636	0.0002536644	0.0001894458	0.0001811133	0.0001656553	0.0001447929	5.152307e-05	4.78583e-05	2.14928e-05
209	0.9896199	0.8088098	0.1016457	0.01982783	0.01526935	0.01417564	0.01409156	0.01407062	0.01310152	0.01211203	0.01021878	0.009934639	0.00531177	0.001319785	0.0003237178	0.0002206527	0.0001729497	0.0001656746	0.0001527893	0.0001335475	3.969149e-05	3.651813e-05
210	0.09844036	0.09094069	0.08942657	0.01510252	0.01066319	0.009837738	0.00900519	0.008959241	0.008947749	0.008093106	0.007461667	0.006220523	0.006042016	0.003195464	0.0008217819	0.0001865356	9.894179e-05	6.173274e-05	5.543343e-05	4.456863e-05	2.739331e-05	2.363793e-05
211	0.01310356	0.01215397	0.01113627	0.01090202	0.005932522	0.004276792	0.003726382	0.003084607	0.003062353	0.00305726	0.002403558	0.002054967	0.001821207	0.001756802	0.000762103	0.0002700051	0.0001235473	6.143717e-05	3.836336e-05	3.371163e-05	2.595084e-05	1.370588e-05
212	0.01352628	0.006701322	0.006082204	0.005548912	0.005442449	0.003126188	0.002174408	0.001825587	0.001291485	0.001278555	0.001276214	0.0008434898	0.000698284	0.0006259122	0.0006101091	0.0002979492	0.0001377352	7.883475e-05	3.77375e-05	2.325518e-05	2.016447e-05	1.506369e-05
213	0.001491725	0.001177883	0.0007924135	0.0006835098	0.0006440729	0.0006372921	0.0004993947	0.0004413752	0.000417594	8.029701e-05	7.664588e-05	7.634951e-05	5.155183e-05	4.332348e-05	3.88269e-05	3.78904e-05	1.913367e-05	9.134681e-06	5.227757e-06	2.390767e-06	1.386839e-06	1.19047e-06
214	0.003099828	0.0005879197	0.0005197793	0.0004500262	0.0003946078	0.0003828754	0.0003815618	0.0003599533	0.0003509896	0.0003450443	1.397551e-05	1.079264e-05	1.060699e-05	8.445478e-06	7.675071e-06	6.86973e-06	6.739926e-06	3.907611e-06	2.09032e-06	1.177968e-06	4.460047e-07	1.828915e-07
215	0.001934097	0.0002848172	9.096402e-05	8.750339e-05	6.079399e-05	1.067561e-05	6.360505e-06	6.170639e-06	4.709548e-06	4.298422e-06	4.082084e-06	4.008219e-06	9.022222e-07	7.346656e-07	6.304849e-07	5.83871e-07	5.355124e-07	5.26385e-07	2.909804e-07	1.354019e-07	4.915332e-08	2.974856e-08
216	0.9525131	0.001677575	0.0002321707	7.105779e-05	6.805961e-05	5.529977e-05	4.847253e-06	2.758357e-06	2.601275e-06	1.406263e-06	1.072227e-06	9.00409e-07	8.342353e-07	7.491651e-07	5.792568e-07	4.772359e-07	4.350019e-07	3.980651e-07	3.905873e-07	1.982277e-07	9.131476e-08	2.723754e-08
217	0.313549	0.282716	0.001145	0.0001919073	6.489993e-05	6.335517e-05	5.062355e-05	4.468669e-06	2.41625e-06	2.262387e-06	1.166253e-06	8.555649e-07	7.052448e-07	6.429947e-07	5.570635e-07	5.523615e-07	4.508523e-07	4.095893e-07	3.748733e-07	3.677153e-07	1.85612e-07	8.461761e-08
218	0.2426804	0.2110745	0.2012188	0.0008649125	0.0001546046	5.858679e-05	5.74096e-05	4.508338e-05	3.999541e-06	2.024933e-06	1.880304e-06	9.500538e-07	6.74179e-07	5.330649e-07	4.73681e-07	3.86738e-07	3.838184e-07	3.46899e-07	3.116826e-07	2.858878e-07	2.805536e-07	1.3901e-07
219	0.2345881	0.1825354	0.1612492	0.1547779	0.0006776505	0.0001292834	5.446896e-05	5.353554e-05	4.148635e-05	3.597738e-06	1.702075e-06	1.564167e-06	8.178563e-07	5.78836e-07	4.485775e-07	3.919617e-07	3.039316e-07	3.011761e-07	2.65118e-07	2.423458e-07	2.230391e-07	2.191656e-07
220	0.3419758	0.2119477	0.1657056	0.1465206	0.1400351	0.0006142864	0.000122544	5.486675e-05	5.401569e-05	4.195991e-05	3.461703e-06	1.558135e-06	1.425928e-06	7.687144e-07	5.463501e-07	4.216073e-07	3.651224e-07	2.759086e-07	2.731519e-07	2.371708e-07	2.167162e-07	2.008387e-07
221	0.6303726	0.245031	0.1485883	0.1199163	0.10647	0.1061834	0.0004392276	5.667406e-05	4.485796e-06	3.790588e-06	2.350561e-06	1.414257e-06	1.26183e-06	1.15134e-06	6.719368e-07	4.877989e-07	3.680049e-07	3.134086e-07	2.230359e-07	2.203331e-07	1.856728e-07	1.680813e-07
222	0.5887292	0.5821028	0.2283592	0.1390727	0.113135	0.1006773	0.1004879	0.0004132944	5.297197e-05	3.387875e-06	2.727958e-06	1.595014e-06	1.319564e-06	1.209332e-06	1.100683e-06	6.5332e-07	4.75826e-07	3.590966e-07	3.048413e-07	2.130372e-07	2.103133e-07	1.763456e-07
223	0.5945199	0.5503033	0.5446129	0.2199021	0.1347428	0.1102172	0.09826496	0.09809174	0.0004050104	5.178444e-05	3.049084e-06	2.419307e-06	1.34754e-06	1.204136e-06	1.10519e-06	1.084357e-06	6.448796e-07	4.693616e-07	3.568635e-07	3.024512e-07	2.092303e-07	2.064744e-07
224	0.4798482	0.4408052	0.407459	0.4041306	0.1371173	0.09495914	0.07848119	0.06962779	0.06956001	0.0002651556	3.294896e-05	2.034546e-06	1.595737e-06	9.097042e-07	8.154277e-07	7.388511e-07	7.251546e-07	4.371304e-07	3.416929e-07	2.491114e-07	2.311332e-07	1.376438e-07
225	0.4043132	0.3987051	0.3633536	0.3421247	0.339588	0.1218116	0.08537134	0.07101738	0.06303203	0.06297615	0.0002358134	2.860149e-05	1.599422e-06	1.215915e-06	6.637418e-07	6.045091e-07	5.41709e-07	5.298348e-07	2.835259e-07	2.07602e-07	1.345307e-07	1.230905e-07
226	0.4159921	0.3858082	0.3817391	0.3458511	0.3246626	0.3221861	0.1173888	0.08307793	0.06945305	0.06173428	0.06168195	0.0002299767	2.782317e-05	1.530816e-06	1.16319e-06	6.247589e-07	5.762947e-07	5.162813e-07	5.050154e-07	2.691878e-07	1.967431e-07	1.288869e-07
227	0.4829591	0.3278747	0.3173652	0.3142229	0.2870317	0.2735284	0.2715047	0.1062022	0.07715987	0.06528788	0.05820317	0.05816245	0.0002194408	2.655275e-05	1.44847e-06	1.093089e-06	5.783516e-07	5.338352e-07	4.781354e-07	4.677914e-07	2.507789e-07	1.839996e-07
228	0.3797122	0.3676364	0.2906623	0.2859642	0.2833121	0.25612	0.2446847	0.2427948	0.09897432	0.07332407	0.0626259	0.05598006	0.0559518	0.0002111233	2.551745e-05	1.379309e-06	1.032056e-06	5.394665e-07	4.974396e-07	4.460266e-07	4.365475e-07	2.35081e-07
229	0.3513244	0.3301683	0.3227513	0.2724001	0.2693885	0.2667938	0.2392413	0.2280061	0.226324	0.09354278	0.0701537	0.06033038	0.05408444	0.05405736	0.0002033627	2.455554e-05	1.318931e-06	9.819605e-07	5.096646e-07	4.677723e-07	4.188759e-07	4.100267e-07
230	0.4599244	0.3012854	0.2811353	0.2742087	0.2297121	0.2271118	0.2261537	0.2250005	0.2139744	0.2124212	0.08779724	0.06652897	0.05759983	0.05172039	0.05169574	0.0001936334	2.329866e-05	1.237785e-06	9.132144e-07	4.65917e-07	4.302791e-07	3.83532e-07
231	0.6223696	0.2500044	0.2173604	0.2075268	0.2038153	0.1619054	0.1601394	0.159421	0.158549	0.1556587	0.1543429	0.06858605	0.05391008	0.04751136	0.04284619	0.04283244	0.0001592444	1.898071e-05	8.775472e-07	6.467442e-07	3.007874e-07	2.697526e-07
232	0.4624237	0.4455934	0.1984733	0.168906	0.1603634	0.1579834	0.1188307	0.1172926	0.1166547	0.1159938	0.1138286	0.1128868	0.05154059	0.04095392	0.0362504	0.03271137	0.03270201	0.0001196735	1.418132e-05	6.011892e-07	4.529825e-07	1.994531e-07
233	0.4517907	0.4166034	0.4034525	0.1685047	0.1394294	0.1313479	0.1294844	0.09040089	0.08903928	0.08881025	0.08833652	0.08673254	0.08593859	0.03749103	0.02921832	0.02580772	0.0231571	0.02315063	8.554549e-05	1.011922e-05	4.217975e-07	3.268398e-07
234	0.494133	0.4235543	0.3913052	0.3805502	0.1425126	0.113313	0.1057528	0.1046605	0.06591451	0.06471158	0.06455854	0.06428175	0.06329497	0.06268673	0.02658886	0.02051965	0.01800618	0.01607396	0.01606937	5.816311e-05	6.833467e-06	2.776926e-07
235	0.2285956	0.1957	0.1798426	0.1479711	0.1384279	0.1352698	0.1055424	0.09807974	0.09707942	0.05777468	0.05660463	0.05647547	0.0562517	0.05541259	0.05512714	0.02177333	0.01617861	0.01393114	0.01233156	0.01232742	4.441176e-05	5.242239e-06
236	0.623785	0.1538486	0.1275435	0.115015	0.1130143	0.1035645	0.1005305	0.09989934	0.09236682	0.09141127	0.05144537	0.05030136	0.05020776	0.05003245	0.04933128	0.04908248	0.01768	0.01243637	0.01040234	0.009089872	0.00908623	3.320744e-05
237	0.3352626	0.3019827	0.1229836	0.1048829	0.09414163	0.09247087	0.09140846	0.08983449	0.089268	0.08588387	0.08548151	0.04479389	0.04366883	0.04359518	0.04345445	0.0428473	0.04262984	0.01288415	0.007952637	0.006148692	0.005176347	0.005172909
238	0.2548537	0.1522825	0.1297845	0.1055305	0.09136679	0.08618922	0.08479832	0.08397013	0.08348371	0.08294931	0.08274938	0.08250944	0.04104175	0.03992429	0.03986184	0.0397477	0.039217	0.03903223	0.01064981	0.005979751	0.004367815	0.003688509
239	0.4706089	0.2252542	0.1348771	0.1192982	0.0983621	0.08743171	0.08354127	0.08250906	0.08180657	0.0813706	0.08092332	0.08075922	0.08055641	0.03827353	0.03716591	0.03712234	0.03704062	0.03660652	0.03645107	0.0098813	0.005531841	0.004037471
240	0.08967342	0.08354654	0.06052799	0.05180909	0.04498068	0.04077063	0.03464092	0.03288637	0.03228026	0.03185004	0.03156656	0.03117853	0.03108593	0.03104078	0.03054183	0.0294787	0.02944791	0.02940255	0.02910408	0.02900179	0.007520105	0.004063294
241	0.05799963	0.04330592	0.03994606	0.03703671	0.03250879	0.02704641	0.0246629	0.0216182	0.0205632	0.02018062	0.01990417	0.01972232	0.01939845	0.01933707	0.01930924	0.01898994	0.01886293	0.01884035	0.01881196	0.01862459	0.01855959	0.004811554
242	0.05286382	0.03358507	0.02589463	0.02332521	0.02164017	0.01904245	0.0139947	0.01266202	0.01105943	0.01049773	0.0102937	0.01014238	0.01004749	0.009778893	0.009740957	0.009724988	0.009553893	0.009489436	0.009481587	0.009466637	0.009371665	0.009337648
243	0.1498234	0.03514079	0.0208218	0.01516891	0.01301573	0.01235478	0.01087018	0.005998544	0.00532873	0.004579253	0.004312924	0.004218808	0.004143767	0.004101407	0.003865292	0.003841421	0.003832552	0.003751953	0.003725984	0.003722717	0.003716854	0.00367837
244	0.5995871	0.1314796	0.02195763	0.01482463	0.009944469	0.008081513	0.007846141	0.00734816	0.002485104	0.002060683	0.001699798	0.001554469	0.001518537	0.001474253	0.001453206	0.001441804	0.00142341	0.001417348	0.001373237	0.001362784	0.00136123	0.001358475
245	0.6537786	0.6068892	0.1309523	0.01965915	0.01389125	0.009018092	0.007189257	0.00702456	0.006656799	0.001690442	0.001317087	0.001036784	0.0009199616	0.0008946985	0.0008577813	0.0008420186	0.0008342589	0.0008221887	0.0008170522	0.0007816238	0.0007749545	0.0007737828
246	0.9679957	0.6652502	0.6215043	0.1327131	0.01865626	0.01399105	0.009040956	0.007210709	0.007054394	0.006694961	0.001591871	0.001217559	0.0009427797	0.000828101	0.0008038876	0.0007837237	0.0007684224	0.0007610328	0.0007496586	0.0007459655	0.0007110169	0.0007047546
247	0.9685403	0.9554734	0.6763989	0.6359298	0.1337396	0.01694965	0.01221577	0.007148078	0.006911541	0.006763117	0.006408659	0.001506661	0.001130834	0.0008607202	0.0007503628	0.0007271798	0.0007089572	0.0006951412	0.0006881407	0.0006767169	0.0006732327	0.0006389023
248	0.959862	0.9470804	0.9420672	0.6907775	0.6535215	0.136987	0.0168952	0.01222594	0.00708079	0.006850712	0.006729674	0.00639259	0.001346616	0.00101384	0.0007747143	0.0006695627	0.0006482925	0.0006311542	0.0006187821	0.0006126729	0.0006012063	0.0005977793
249	0.9466908	0.931092	0.9242995	0.9200372	0.7029891	0.6684732	0.1365766	0.01294264	0.00825341	0.007059703	0.006834048	0.006724556	0.006405118	0.001208332	0.0008947976	0.0006879667	0.0005880208	0.000568351	0.0005522637	0.0005410089	0.0005355284	0.0005240887
250	0.4333571	0.3887142	0.3760612	0.3699161	0.3662136	0.1701254	0.14592	0.1401527	0.01285427	0.008238892	0.007032461	0.006831123	0.006729995	0.006442332	0.001091368	0.0007849957	0.0005984493	0.0005064129	0.0004882727	0.0004734311	0.0004632603	0.0004582504
251	0.2599123	0.2514389	0.223006	0.2123238	0.2076356	0.2041924	0.03874915	0.01811218	0.01387014	0.0125973	0.008092822	0.006877967	0.006786167	0.00669801	0.006449719	0.0009421179	0.0006542464	0.0005037116	0.0004241119	0.0004082147	0.0003950378	0.0003868832
252	0.1253637	0.1232952	0.1212411	0.1062623	0.1010685	0.09826322	0.09647026	0.01614092	0.006060532	0.003953448	0.003371795	0.002295857	0.001116753	0.001052585	0.001004128	0.0008067635	0.0007401134	0.0004797207	0.0003753836	0.0003126326	0.0003022929	0.0002932992
253	0.4363112	0.07869206	0.07710118	0.07595636	0.06560401	0.06234171	0.06057529	0.05956222	0.01053045	0.004331171	0.003027043	0.002664191	0.001839983	0.0006577795	0.000607814	0.0005750727	0.0004296785	0.0003801845	0.0003288502	0.0002589284	0.0002129224	0.0002058848
254	0.4921452	0.05517565	0.05455414	0.05431013	0.05358588	0.04555437	0.04316748	0.0418929	0.04135505	0.00683889	0.002443756	0.001509161	0.001246226	0.0005605454	0.0005173348	0.000473963	0.0004482476	0.0003283907	0.0002865082	0.0002460193	0.0001947562	0.0001550378
255	0.1280967	0.1014693	0.03789082	0.03754736	0.03735007	0.0367448	0.03115451	0.0295929	0.02866292	0.02829526	0.004693568	0.001690802	0.001051424	0.0008681826	0.0003943919	0.0003646801	0.0003464278	0.0003265867	0.0002402331	0.0002093212	0.0001769938	0.0001410492
256	0.1023797	0.08690935	0.06559213	0.02210098	0.02187969	0.02179806	0.02132054	0.01736143	0.01640569	0.01580746	0.01556006	0.002751697	0.001097921	0.0007359302	0.00062786	0.0002694626	0.0002507634	0.0002381706	0.0002252867	0.000160367	0.0001374274	0.0001122457
257	0.3803763	0.07022055	0.05907795	0.0436156	0.01128662	0.01113928	0.01110999	0.01077666	0.008739936	0.008409678	0.008138485	0.008006589	0.001476506	0.0006238957	0.0004337498	0.0003745323	0.0001592061	0.0001487999	0.0001416749	0.0001374203	9.771758e-05	8.248357e-05
258	0.981057	0.369461	0.05659697	0.0472958	0.03637295	0.006872115	0.006750237	0.00673544	0.006501386	0.005491877	0.00531909	0.00522944	0.005165862	0.000899365	0.0003539268	0.0002351186	0.000197591	9.920129e-05	9.349679e-05	8.983939e-05	8.731392e-05	6.68922e-05
259	0.05719474	0.05667996	0.02604745	0.01363883	0.01133903	0.005712431	0.00310243	0.003081979	0.00307616	0.002948667	0.002568676	0.002493409	0.002453932	0.002432501	0.0003976114	0.000141892	8.741687e-05	6.99495e-05	3.871385e-05	3.638379e-05	3.500014e-05	3.387289e-05
260	0.01915905	0.01531703	0.01518894	0.008466091	0.002829976	0.002193463	0.001134803	0.0006467697	0.0006431427	0.0006418374	0.0006077684	0.0005284774	0.0005124164	0.0005039345	0.0004997977	8.250968e-05	3.022952e-05	1.922783e-05	1.559696e-05	9.09986e-06	8.631411e-06	8.344879e-06
261	0.04053499	0.01027023	0.008342871	0.008284325	0.005449915	0.0008654442	0.0005460854	0.0003797281	0.0002283437	0.0002271723	0.0002266418	0.0002113052	0.0001864463	0.0001804924	0.0001773144	0.0001757222	2.939145e-05	1.105425e-05	7.235446e-06	6.008837e-06	3.735179e-06	3.570669e-06
262	0.07136921	0.01681408	0.006083474	0.0054263	0.00540548	0.004508544	0.0003290056	0.0001966202	0.0001226222	7.175296e-05	7.138449e-05	7.122786e-05	6.781651e-05	6.010514e-05	5.82101e-05	5.719975e-05	5.669155e-05	9.497572e-06	3.5838e-06	2.35133e-06	1.958003e-06	1.207215e-06
263	0.07003431	0.01380857	0.00620697	0.001102418	0.0007903759	0.0007813201	0.0003527632	0.0002421858	0.0001262773	6.303544e-05	3.934313e-05	3.915638e-05	3.906601e-05	3.733988e-05	3.320751e-05	3.218492e-05	3.163492e-05	3.135802e-05	5.221284e-06	1.951473e-06	1.266033e-06	1.050792e-06
264	0.1866808	0.04599777	0.009538491	0.004489392	0.0007228172	0.0005029385	0.0004965156	0.000202419	0.0001222057	0.0001103629	4.724077e-05	2.975497e-05	2.961751e-05	2.955935e-05	2.850139e-05	2.541338e-05	2.464258e-05	2.422772e-05	2.401933e-05	3.97998e-06	1.474446e-06	9.469932e-07
265	0.1132775	0.1054079	0.02850281	0.005586411	0.002451202	0.0004142173	0.0002962846	0.000292856	0.0001349117	9.385036e-05	8.701039e-05	3.070131e-05	1.971635e-05	1.962929e-05	1.959174e-05	1.900631e-05	1.703873e-05	1.653688e-05	1.626527e-05	1.612661e-05	2.641693e-06	9.565567e-07
266	0.0843426	0.05918363	0.05648489	0.01417893	0.00258138	0.001007391	0.0001198257	9.188605e-05	9.067821e-05	3.837282e-05	2.192629e-05	1.909257e-05	1.700535e-05	1.127234e-05	1.122629e-05	1.12049e-05	1.098964e-05	9.864693e-06	9.571689e-06	9.41326e-06	9.329414e-06	1.513501e-06
267	0.05409078	0.03308762	0.0251734	0.02409716	0.006085036	0.0009912542	0.000334769	3.242507e-05	2.199868e-05	2.170831e-05	1.372551e-05	9.016886e-06	8.1525e-06	7.447463e-06	5.148751e-06	5.129242e-06	5.119738e-06	5.07532e-06	4.547976e-06	4.415146e-06	4.343559e-06	4.302984e-06
268	0.002686658	0.001918485	0.001266505	0.001025576	0.0009947764	0.0001706888	2.629941e-05	7.575996e-06	6.296955e-07	5.361385e-07	5.301845e-07	4.473325e-07	3.307743e-07	3.078541e-07	2.890789e-07	1.831132e-07	1.818482e-07	1.814162e-07	1.805028e-07	1.269732e-07	1.211652e-07	1.179219e-07
269	0.06565863	0.001632679	0.00118192	0.0008236444	0.0006943123	0.0006789336	8.812609e-05	1.374125e-05	3.863869e-06	3.903499e-07	3.375616e-07	3.340232e-07	2.800844e-07	2.13726e-07	2.004295e-07	1.899652e-07	1.117879e-07	1.10713e-07	1.104261e-07	1.098664e-07	6.05227e-08	5.678498e-08
270	0.994787	0.06064553	0.000876249	0.0006286193	0.0004061975	0.000331972	0.0003209115	6.296025e-05	1.038621e-05	3.510825e-06	3.898059e-07	3.375571e-07	3.340637e-07	2.802871e-07	2.154767e-07	2.023416e-07	1.920701e-07	1.111889e-07	1.104393e-07	1.101478e-07	1.095804e-07	5.679314e-08
271	0.3621421	0.3617271	0.03776475	0.0006005356	0.0004409511	0.000272944	0.0002157959	0.0002071286	4.83563e-05	8.052777e-06	2.838432e-06	3.04971e-07	2.627998e-07	2.59911e-07	2.172086e-07	1.780377e-07	1.691472e-07	1.615673e-07	9.498421e-08	9.437093e-08	9.412923e-08	9.37509e-08
272	0.2608972	0.247541	0.2472309	0.02711506	0.0004365322	0.0003230343	0.0001966367	0.0001537896	0.0001471971	3.637355e-05	6.072209e-06	2.152879e-06	2.297265e-07	1.981925e-07	1.960058e-07	1.64784e-07	1.351889e-07	1.284843e-07	1.226846e-07	7.26411e-08	7.218207e-08	7.1999e-08
273	0.1778598	0.167964	0.1607346	0.160533	0.01765071	0.0002832152	0.0002091773	0.0001268981	9.880501e-05	9.453946e-05	2.360672e-05	3.899584e-06	1.363606e-06	1.430071e-07	1.238246e-07	1.224553e-07	1.035333e-07	8.495241e-08	8.076523e-08	7.702747e-08	4.640412e-08	4.612406e-08
274	0.1143307	0.08907686	0.08444254	0.08083125	0.08073225	0.008872969	0.0001406094	0.0001033553	6.273712e-05	4.872155e-05	4.660568e-05	1.161067e-05	1.892103e-06	6.489867e-07	6.582101e-08	5.717791e-08	5.653583e-08	4.802661e-08	3.927344e-08	3.731371e-08	3.548918e-08	2.162946e-08
275	0.07880255	0.04373924	0.03421914	0.03243297	0.03107926	0.03104406	0.003413348	5.201991e-05	3.759968e-05	2.292871e-05	1.758447e-05	1.681163e-05	4.141697e-06	6.44747e-07	2.049241e-07	1.754324e-08	1.54173e-08	1.522735e-08	1.317011e-08	1.052346e-08	9.951179e-09	9.318261e-09
276	0.2826416	0.05669646	0.03332724	0.02609413	0.02473211	0.02370499	0.02368034	0.002600637	3.806276e-05	2.702668e-05	1.658361e-05	1.254323e-05	1.199298e-05	2.917055e-06	4.304147e-07	1.234202e-07	7.721924e-09	6.974173e-09	6.872478e-09	6.149032e-09	4.64709e-09	4.340103e-09
277	0.9678229	0.273311	0.05715603	0.03469552	0.02714753	0.02572549	0.02465433	0.0246302	0.002702711	3.929408e-05	2.791204e-05	1.721261e-05	1.301476e-05	1.244305e-05	3.02347e-06	4.454025e-07	1.273677e-07	7.735579e-09	6.974122e-09	6.873041e-09	6.138406e-09	4.587244e-09
278	0.5060982	0.4939631	0.1941229	0.05595751	0.03616899	0.02836107	0.02687616	0.0257637	0.02574049	0.002823754	4.069112e-05	2.897083e-05	1.790794e-05	1.353341e-05	1.293522e-05	3.156188e-06	4.64609e-07	1.323751e-07	7.735333e-09	6.953148e-09	6.852915e-09	6.108367e-09
279	0.9657804	0.5014669	0.489557	0.1956567	0.05980108	0.03952056	0.03097966	0.02935587	0.02814838	0.02812535	0.003084823	4.443065e-05	3.162829e-05	1.955472e-05	1.477434e-05	1.412066e-05	3.443414e-06	5.049952e-07	1.42446e-07	8.187043e-09	7.35564e-09	7.250661e-09
280	0.9936639	0.9604102	0.5058834	0.4942128	0.2068598	0.07337438	0.05095735	0.03992002	0.03782406	0.03628956	0.03626606	0.003976097	5.722464e-05	4.071916e-05	2.51816e-05	1.901825e-05	1.817508e-05	4.427942e-06	6.447445e-07	1.782048e-07	1.002238e-08	8.998723e-09
